seqnames	start	end	WT_rep1	WT_rep2	mutant1_rep1	mutant1_rep2
1	1	200	1	1	0	1
1	51	250	1	0	0	1
1	101	300	1	1	1	1
1	151	350	1	1	1	1
1	201	400	1	0	1	1
1	251	450	1	0	1	1
1	301	500	1	0	1	1
1	351	550	1	0	1	1
1	401	600	1	0	1	1
1	451	650	1	0	1	1
1	501	700	1	0	1	1
1	551	750	1	0	1	1
1	601	800	1	0	1	0
1	651	850	1	0	1	1
1	701	900	1	0	1	0
1	751	950	1	0	1	0
1	801	1000	1	0	1	0
1	851	1050	1	0	0	0
1	901	1100	1	1	0	1
1	951	1150	1	0	0	1
1	1001	1200	1	1	0	1
1	1051	1250	0	1	1	1
1	1151	1350	1	1	1	1
1	1201	1400	1	1	1	1
1	1251	1450	1	1	1	1
1	1301	1500	1	1	1	1
1	1351	1550	1	1	1	1
1	1401	1600	1	1	0	1
1	1451	1650	1	0	0	1
1	1501	1700	1	0	0	0
1	1551	1750	1	0	1	1
1	1601	1800	1	0	1	1
1	1651	1850	1	0	1	1
1	1701	1900	1	1	1	1
1	1751	1950	0	1	1	1
1	1801	2000	1	1	1	1
1	1851	2050	1	1	1	1
1	1901	2100	1	0	1	1
1	1951	2150	1	1	1	1
1	2001	2200	0	1	1	0
1	2051	2250	1	1	1	0
1	2101	2300	1	1	1	0
1	2151	2350	1	0	1	0
1	2201	2400	1	0	1	1
1	2251	2450	1	1	1	1
1	2301	2500	0	1	1	1
1	2351	2550	0	1	1	1
1	2401	2600	1	1	1	1
1	2451	2650	1	1	1	1
1	2501	2700	1	1	1	1
1	2551	2750	1	1	1	1
1	2601	2800	1	0	1	1
1	2651	2850	1	0	1	1
1	2701	2900	1	0	1	1
1	2751	2950	1	0	0	1
1	2801	3000	0	0	0	1
1	2851	3050	0	0	1	1
1	2901	3100	0	1	0	1
1	2951	3150	0	1	0	1
1	3001	3200	0	1	0	1
1	3051	3250	0	1	0	1
1	3101	3300	1	0	0	0
1	3151	3350	1	0	0	0
1	3601	3800	1	1	1	1
1	3651	3850	1	1	1	1
1	3701	3900	1	0	0	1
1	3751	3950	1	0	0	1
1	3801	4000	1	0	0	1
1	3851	4050	0	0	0	0
1	3901	4100	0	1	1	1
1	3951	4150	0	1	0	1
1	4001	4200	0	1	0	1
1	4051	4250	0	1	0	0
1	4101	4300	1	1	0	0
1	4151	4350	1	1	1	0
1	4201	4400	1	1	0	1
1	4251	4450	1	1	0	1
1	4301	4500	0	1	0	1
1	4351	4550	0	1	0	1
1	4401	4600	0	1	1	1
1	4451	4650	0	1	1	1
1	4501	4700	0	1	1	0
1	4551	4750	1	1	1	0
1	4601	4800	1	1	1	0
1	4651	4850	1	1	1	0
1	4701	4900	1	1	1	0
1	4751	4950	1	1	1	0
1	4801	5000	1	1	1	0
1	4851	5050	1	1	1	0
1	4901	5100	1	1	1	0
1	4951	5150	0	1	1	1
1	5001	5200	0	1	0	1
1	5051	5250	1	1	0	1
1	5101	5300	1	1	0	1
1	5151	5350	1	1	0	1
1	5201	5400	1	1	0	0
1	5251	5450	1	1	0	1
1	5301	5500	1	1	0	1
1	5351	5550	1	1	1	1
1	5401	5600	1	1	1	1
1	5451	5650	1	1	1	1
1	5501	5700	1	1	1	1
1	5551	5750	1	1	1	0
1	5601	5800	0	1	1	0
1	5651	5850	1	1	1	0
1	5701	5900	1	1	1	0
1	5751	5950	1	1	1	0
1	5801	6000	1	1	1	0
1	5851	6050	1	1	1	0
1	5901	6100	1	0	1	0
1	5951	6150	1	0	1	0
1	6001	6200	1	1	1	1
1	6051	6250	1	1	1	1
1	6101	6300	1	1	1	1
1	6151	6350	1	1	1	1
1	6201	6400	1	1	1	0
1	6251	6450	0	0	1	0
1	6301	6500	1	0	1	0
1	6351	6550	1	1	1	1
1	6401	6600	0	0	1	1
1	6451	6650	0	1	0	1
1	6501	6700	0	0	0	1
1	6551	6750	0	1	0	0
1	6601	6800	1	1	0	0
1	6651	6850	1	1	0	1
1	6701	6900	1	1	0	1
1	6751	6950	1	1	0	1
1	6801	7000	0	1	0	1
1	6851	7050	0	1	0	1
1	6901	7100	0	1	0	1
1	6951	7150	0	1	0	1
1	7001	7200	1	0	1	1
1	7051	7250	1	0	1	1
1	7101	7300	1	0	1	1
1	7151	7350	1	0	1	1
1	7201	7400	1	0	1	1
1	7251	7450	1	1	1	1
1	7301	7500	1	1	1	0
1	7351	7550	1	1	0	1
1	7401	7600	1	1	1	0
1	7451	7650	1	1	1	1
1	7501	7700	1	1	1	1
1	7551	7750	1	1	1	0
1	7601	7800	1	0	1	0
1	7651	7850	1	1	1	1
1	7701	7900	1	1	0	1
1	7751	7950	1	1	0	1
1	7801	8000	1	1	1	1
1	7851	8050	1	1	1	1
1	7901	8100	0	1	1	1
1	7951	8150	0	1	1	1
1	8001	8200	0	1	1	1
1	8051	8250	0	0	1	1
1	8101	8300	0	1	0	1
1	8151	8350	0	1	1	1
1	8201	8400	1	1	1	1
1	8251	8450	1	1	1	1
1	8301	8500	1	1	1	0
1	8351	8550	1	1	1	0
1	8401	8600	1	1	1	0
1	8451	8650	1	1	1	0
1	8501	8700	1	1	1	1
1	8551	8750	1	0	1	1
1	8601	8800	1	0	1	1
1	8651	8850	1	0	1	1
1	8701	8900	1	1	1	1
1	8751	8950	1	1	1	1
1	8801	9000	1	1	1	1
1	8851	9050	1	1	1	1
1	8901	9100	1	1	1	1
1	9051	9250	1	1	0	1
1	9101	9300	1	1	1	1
1	9151	9350	1	1	1	1
1	9201	9400	1	1	1	0
1	9251	9450	1	1	1	0
1	9301	9500	1	1	1	0
1	9351	9550	1	1	1	0
1	9401	9600	1	1	1	0
1	9451	9650	0	0	1	0
1	9501	9700	1	0	1	0
1	9551	9750	1	0	1	1
1	9601	9800	1	1	1	0
1	9651	9850	1	1	1	1
1	9701	9900	1	1	1	1
1	9751	9950	1	0	1	0
1	9801	10000	1	0	1	1
1	9851	10050	1	0	0	0
1	9901	10100	0	0	0	0
1	9951	10150	0	1	1	0
1	10001	10200	1	1	1	0
1	10051	10250	1	1	1	1
1	10101	10300	1	1	1	1
1	10151	10350	1	1	1	1
1	10201	10400	0	1	1	1
1	10251	10450	0	1	1	1
1	10301	10500	1	1	1	1
1	10351	10550	1	1	1	0
1	10401	10600	1	0	1	0
1	10451	10650	1	0	1	1
1	10501	10700	1	0	0	1
1	10551	10750	1	0	0	1
1	10601	10800	1	1	1	1
1	10651	10850	1	0	0	1
1	10701	10900	1	0	1	1
1	10751	10950	1	0	1	0
1	10801	11000	1	0	1	0
1	10851	11050	1	0	1	0
1	10901	11100	1	0	1	0
1	10951	11150	1	0	1	0
1	11001	11200	1	1	0	1
1	11051	11250	1	1	0	1
1	11101	11300	1	1	0	1
1	11151	11350	1	1	0	1
1	11201	11400	1	1	0	1
1	11251	11450	1	1	0	0
1	11301	11500	1	1	1	0
1	11351	11550	1	1	1	1
1	11401	11600	1	1	1	1
1	11451	11650	1	1	1	1
1	11501	11700	1	1	1	1
1	11551	11750	1	1	1	1
1	11601	11800	0	1	1	1
1	11651	11850	1	1	1	1
1	11701	11900	1	1	1	1
1	11751	11950	1	1	1	1
1	11801	12000	1	1	1	1
1	11851	12050	1	1	1	1
1	11901	12100	0	1	1	1
1	11951	12150	1	1	0	1
1	12001	12200	1	1	1	1
1	12051	12250	0	1	0	1
1	12101	12300	1	1	1	1
1	12151	12350	0	1	1	1
1	12201	12400	0	1	1	1
1	12251	12450	0	0	1	1
1	12301	12500	0	1	1	1
1	12351	12550	1	1	1	1
1	12401	12600	1	1	1	1
1	12451	12650	1	1	1	1
1	12501	12700	1	0	1	1
1	12551	12750	0	1	1	1
1	12601	12800	1	1	1	1
1	12651	12850	1	1	1	1
1	12701	12900	1	1	1	1
1	12751	12950	1	1	1	1
1	12801	13000	1	1	1	1
1	12851	13050	1	1	1	1
1	12901	13100	1	1	1	1
1	12951	13150	1	1	1	1
1	13001	13200	1	1	0	0
1	13051	13250	1	1	1	1
1	13101	13300	0	1	1	1
1	13151	13350	0	1	1	1
1	13201	13400	1	0	1	1
1	13251	13450	1	0	1	0
1	13301	13500	1	0	1	0
1	13351	13550	1	0	1	0
1	13401	13600	1	1	1	1
1	13451	13650	0	1	1	1
1	13501	13700	1	1	1	1
1	13551	13750	1	1	1	1
1	13601	13800	1	1	1	0
1	13651	13850	1	1	1	0
1	13701	13900	1	1	1	0
1	13751	13950	1	1	1	0
1	14001	14200	1	0	0	1
1	14051	14250	1	1	0	0
1	14101	14300	1	1	0	1
1	14151	14350	1	1	0	1
1	14201	14400	1	1	1	1
1	14251	14450	1	1	1	1
1	14701	14900	1	1	1	0
1	14751	14950	1	1	1	0
1	14801	15000	1	0	1	0
1	14851	15050	1	0	1	1
1	14901	15100	1	0	1	1
1	14951	15150	1	0	1	1
1	15301	15500	0	1	1	1
1	15751	15950	1	1	1	1
1	15801	16000	1	1	1	1
1	15851	16050	1	1	1	1
1	15901	16100	1	1	1	1
1	15951	16150	1	0	1	1
1	16001	16200	1	0	1	0
1	16051	16250	1	0	0	0
1	16101	16300	1	0	0	0
1	16251	16450	0	1	0	0
1	16301	16500	0	1	1	0
1	16351	16550	1	1	1	0
1	16401	16600	1	1	1	0
1	16451	16650	1	1	1	0
1	16501	16700	1	1	0	0
1	16551	16750	1	1	0	1
1	16601	16800	1	1	0	1
1	16651	16850	1	0	0	0
1	16701	16900	1	0	1	1
1	16751	16950	0	1	1	0
1	16801	17000	0	1	1	1
1	16851	17050	0	1	1	1
1	16901	17100	0	0	1	1
1	18001	18200	1	0	1	1
1	18051	18250	1	1	1	1
1	18101	18300	1	1	1	1
1	18151	18350	1	1	1	1
1	18201	18400	1	1	1	1
1	18251	18450	1	0	0	1
1	18301	18500	1	0	1	1
1	18351	18550	1	0	1	1
1	18851	19050	1	0	1	0
1	18901	19100	1	0	1	0
1	18951	19150	1	1	1	1
1	19001	19200	1	1	1	1
1	19051	19250	1	1	1	1
1	19101	19300	1	1	1	1
1	19151	19350	1	1	1	0
1	19201	19400	1	0	1	0
1	19251	19450	1	1	1	0
1	19301	19500	1	1	1	0
1	19351	19550	1	1	1	0
1	19401	19600	1	1	1	0
1	19551	19750	0	1	1	1
1	19601	19800	1	0	1	1
1	19651	19850	1	0	1	1
1	19701	19900	1	0	1	1
1	19751	19950	1	0	1	0
1	19801	20000	1	1	1	0
1	19851	20050	1	1	1	0
1	19901	20100	0	1	1	0
1	19951	20150	0	1	1	0
1	20001	20200	0	1	1	0
1	20051	20250	0	1	1	0
1	20101	20300	1	1	1	0
1	20201	20400	1	1	1	1
1	20251	20450	1	1	1	1
1	20301	20500	1	1	1	1
1	20351	20550	1	1	1	1
1	20451	20650	1	1	1	1
1	20501	20700	1	1	1	1
1	20551	20750	1	1	1	1
1	20601	20800	1	1	1	1
1	20651	20850	1	1	0	0
1	20751	20950	1	1	0	0
1	20801	21000	1	1	0	0
1	20851	21050	1	1	0	1
1	20901	21100	0	1	0	1
1	20951	21150	0	1	0	1
1	21001	21200	0	1	0	1
1	21051	21250	0	1	1	0
1	21101	21300	1	1	1	1
1	21151	21350	1	1	1	1
1	21201	21400	1	1	1	1
1	21251	21450	1	1	1	1
1	21301	21500	1	1	1	1
1	21351	21550	1	0	1	1
1	21401	21600	1	0	1	1
1	21451	21650	0	0	0	1
1	21501	21700	0	0	0	0
1	21551	21750	0	1	1	0
1	21601	21800	0	1	1	0
1	21651	21850	0	1	1	0
1	21901	22100	1	1	0	1
1	21951	22150	1	1	0	0
1	22001	22200	1	1	0	0
1	22051	22250	1	1	0	1
1	22101	22300	0	1	1	1
1	22151	22350	0	1	1	1
1	22201	22400	0	1	1	1
1	22251	22450	1	0	0	1
1	22301	22500	1	0	0	1
1	22351	22550	1	1	1	1
1	22401	22600	1	1	1	1
1	22451	22650	0	1	1	1
1	22501	22700	0	0	1	1
1	22551	22750	1	1	0	1
1	22601	22800	1	1	0	1
1	22651	22850	1	1	0	1
1	22951	23150	1	1	1	1
1	23001	23200	1	1	1	1
1	23051	23250	1	1	1	1
1	23101	23300	1	0	1	1
1	23151	23350	1	0	1	1
1	23201	23400	0	0	1	1
1	23251	23450	0	0	1	1
1	23301	23500	1	1	1	1
1	23351	23550	1	1	1	1
1	23401	23600	1	1	1	1
1	23451	23650	1	1	0	1
1	23501	23700	0	1	0	0
1	23551	23750	0	1	1	0
1	23601	23800	1	1	1	0
1	23651	23850	1	0	1	0
1	23701	23900	1	0	1	0
1	23751	23950	1	0	1	0
1	23801	24000	1	0	1	0
1	23851	24050	1	0	1	0
1	23901	24100	1	0	0	0
1	23951	24150	1	1	0	0
1	24001	24200	1	1	1	0
1	24051	24250	1	1	0	1
1	24101	24300	1	1	0	1
1	24151	24350	1	1	1	1
1	24201	24400	1	1	1	1
1	24251	24450	1	0	1	1
1	24301	24500	1	1	0	1
1	24351	24550	1	1	0	1
1	24401	24600	1	1	1	0
1	24451	24650	1	1	1	0
1	24501	24700	1	1	0	0
1	24551	24750	1	1	0	0
1	24601	24800	1	1	0	1
1	24651	24850	1	1	0	1
1	24701	24900	1	1	0	0
1	24751	24950	1	1	0	0
1	24801	25000	1	1	0	0
1	24851	25050	1	1	0	1
1	24901	25100	0	1	0	1
1	24951	25150	0	1	1	1
1	25001	25200	0	1	1	1
1	25051	25250	0	1	1	1
1	25101	25300	0	1	1	1
1	25151	25350	0	1	1	1
1	25201	25400	0	1	1	1
1	25251	25450	0	1	1	1
1	25301	25500	0	1	1	1
1	25351	25550	0	1	1	0
1	25401	25600	1	1	1	0
1	25451	25650	1	1	1	0
1	25501	25700	0	1	1	0
1	25551	25750	0	1	1	1
1	25601	25800	0	1	1	1
1	25651	25850	0	1	1	1
1	25701	25900	0	1	1	0
1	25751	25950	0	1	1	0
1	25801	26000	0	1	1	0
1	25851	26050	0	1	1	0
1	25901	26100	0	1	1	0
1	25951	26150	1	1	1	1
1	26001	26200	0	1	1	1
1	26051	26250	0	1	1	1
1	26101	26300	0	1	0	1
1	26151	26350	0	1	0	1
1	26201	26400	1	1	1	1
1	26251	26450	1	1	1	1
1	26301	26500	1	1	1	1
1	26351	26550	0	0	1	1
1	26401	26600	0	0	1	1
1	26451	26650	0	0	1	1
1	26501	26700	0	0	0	1
1	26551	26750	0	0	0	1
1	26601	26800	0	0	0	1
1	26651	26850	1	0	0	1
1	26701	26900	1	0	0	1
1	26751	26950	1	1	0	1
1	26801	27000	1	1	0	1
1	26851	27050	1	1	0	1
1	26901	27100	1	1	0	0
1	26951	27150	1	1	0	0
1	27001	27200	1	0	0	0
1	27051	27250	1	1	0	0
1	27101	27300	0	1	1	1
1	27151	27350	1	1	1	0
1	27201	27400	1	1	1	1
1	27251	27450	1	1	1	1
1	27301	27500	1	1	1	1
1	27351	27550	1	1	1	1
1	27401	27600	1	1	1	1
1	27451	27650	1	1	1	0
1	27501	27700	0	1	1	0
1	27551	27750	1	1	1	0
1	27601	27800	1	0	1	0
1	27651	27850	1	0	1	0
1	27701	27900	1	0	1	0
1	27751	27950	0	0	0	0
1	27801	28000	1	0	1	0
1	27851	28050	1	0	1	1
1	27901	28100	1	1	1	1
1	27951	28150	1	1	1	1
1	28001	28200	1	1	1	1
1	28051	28250	1	1	1	1
1	28101	28300	0	1	1	1
1	28151	28350	0	1	1	1
1	28201	28400	0	1	1	1
1	28251	28450	0	1	1	1
1	28301	28500	1	1	1	1
1	28351	28550	1	1	1	1
1	28401	28600	1	1	1	1
1	28451	28650	1	0	1	1
1	28501	28700	1	1	1	1
1	28551	28750	1	1	1	1
1	28601	28800	0	1	1	1
1	28651	28850	0	1	1	1
1	28701	28900	0	1	1	1
1	28751	28950	0	1	1	1
1	28801	29000	1	1	0	1
1	28851	29050	1	1	0	1
1	28901	29100	1	1	0	1
1	28951	29150	1	0	1	1
1	29001	29200	1	0	1	1
1	29051	29250	1	0	1	0
1	29101	29300	1	0	1	1
1	29151	29350	0	0	1	1
1	29201	29400	0	0	1	1
1	29251	29450	0	0	1	1
1	29301	29500	0	0	1	1
1	29351	29550	0	0	1	0
1	29401	29600	0	0	1	0
1	29451	29650	1	0	0	0
1	29501	29700	1	1	0	1
1	29551	29750	1	1	0	1
1	29601	29800	1	1	0	1
1	29651	29850	1	1	0	1
1	29701	29900	1	0	0	1
1	29751	29950	1	0	0	1
1	29801	30000	0	1	0	1
1	29851	30050	1	1	0	0
1	29901	30100	1	1	1	0
1	30001	30200	1	1	1	1
1	30051	30250	0	0	1	0
1	30101	30300	0	0	1	1
1	30151	30350	0	0	1	1
1	30201	30400	1	0	1	0
1	30251	30450	0	0	0	1
1	30301	30500	1	1	1	0
1	30351	30550	1	1	1	0
1	30401	30600	1	1	1	0
1	30451	30650	1	1	1	0
1	30501	30700	1	1	1	0
1	30551	30750	1	1	1	0
1	30601	30800	1	1	1	1
1	30651	30850	1	1	1	1
1	30701	30900	1	1	1	1
1	30751	30950	1	1	0	1
1	30801	31000	1	1	0	1
1	30851	31050	1	1	1	1
1	30901	31100	1	1	1	1
1	30951	31150	1	1	1	1
1	31001	31200	1	1	1	0
1	31051	31250	1	1	1	0
1	31101	31300	1	1	1	0
1	31151	31350	1	1	1	0
1	31201	31400	1	1	0	1
1	31251	31450	1	1	0	1
1	31301	31500	1	1	1	1
1	31351	31550	1	1	0	1
1	31401	31600	1	1	0	1
1	31451	31650	1	0	0	1
1	31501	31700	1	0	0	1
1	31551	31750	0	0	0	0
1	31601	31800	0	0	0	0
1	31651	31850	0	0	0	0
1	31701	31900	1	0	0	0
1	31751	31950	0	1	0	0
1	31801	32000	0	0	1	1
1	31851	32050	0	1	1	1
1	31901	32100	0	0	1	1
1	31951	32150	0	0	1	1
1	32001	32200	0	1	1	1
1	32051	32250	1	1	1	1
1	32101	32300	1	1	1	1
1	32151	32350	1	1	1	1
1	32201	32400	0	1	1	1
1	32251	32450	0	1	1	1
1	32301	32500	0	0	1	1
1	32351	32550	0	1	0	0
1	32401	32600	1	1	0	0
1	32451	32650	0	1	0	0
1	32501	32700	0	1	0	0
1	32551	32750	1	1	0	1
1	32601	32800	1	1	0	1
1	32651	32850	1	1	0	1
1	32701	32900	1	1	0	1
1	32751	32950	1	1	0	1
1	32801	33000	1	1	0	1
1	32851	33050	1	1	0	1
1	32901	33100	1	1	1	1
1	32951	33150	1	1	0	1
1	33001	33200	0	1	0	1
1	33051	33250	1	1	0	1
1	33101	33300	1	1	0	1
1	33151	33350	1	1	0	1
1	33201	33400	1	1	0	1
1	33251	33450	1	1	0	1
1	33301	33500	0	0	1	1
1	33351	33550	1	1	1	1
1	33401	33600	0	1	0	1
1	33451	33650	0	1	0	1
1	33501	33700	0	1	0	1
1	33551	33750	0	0	0	1
1	33601	33800	1	1	1	1
1	33651	33850	0	1	1	1
1	33701	33900	1	1	1	1
1	33751	33950	1	1	1	1
1	33801	34000	1	0	1	1
1	33851	34050	1	0	1	1
1	33901	34100	1	1	1	1
1	33951	34150	1	1	1	1
1	34001	34200	1	1	1	1
1	34051	34250	1	0	1	1
1	34101	34300	1	0	1	1
1	34151	34350	1	0	1	1
1	34201	34400	1	1	1	1
1	34251	34450	1	1	1	1
1	34301	34500	1	1	0	1
1	34351	34550	1	1	1	1
1	34401	34600	1	1	1	0
1	34451	34650	1	1	1	1
1	34501	34700	1	1	1	1
1	34551	34750	1	1	1	1
1	34601	34800	0	1	1	1
1	34651	34850	0	1	1	1
1	34701	34900	0	1	1	1
1	34751	34950	0	1	1	1
1	34801	35000	0	0	1	1
1	34851	35050	0	0	1	1
1	34901	35100	0	1	1	1
1	34951	35150	1	1	1	1
1	35001	35200	1	1	1	1
1	35051	35250	1	1	1	0
1	35101	35300	1	1	1	0
1	35151	35350	1	1	1	1
1	35201	35400	1	1	1	1
1	35251	35450	1	1	1	1
1	35301	35500	1	1	1	0
1	35351	35550	1	0	0	0
1	35401	35600	1	0	1	0
1	35451	35650	0	0	0	0
1	35501	35700	0	0	0	0
1	35551	35750	0	0	1	0
1	35601	35800	0	1	1	0
1	35651	35850	1	1	1	0
1	35701	35900	1	0	1	1
1	35751	35950	1	0	1	1
1	35801	36000	1	0	1	1
1	35851	36050	1	0	1	1
1	35901	36100	1	0	1	1
1	35951	36150	0	0	1	0
1	36001	36200	0	0	1	0
1	36051	36250	0	1	1	0
1	36101	36300	1	1	1	0
1	36151	36350	1	1	1	0
1	36201	36400	0	1	1	0
1	36251	36450	1	1	1	0
1	36301	36500	1	1	1	0
1	36351	36550	1	1	1	1
1	36401	36600	1	1	1	1
1	36451	36650	1	1	1	1
1	36501	36700	1	1	0	1
1	36551	36750	1	1	0	1
1	36601	36800	1	1	0	1
1	36651	36850	1	1	1	1
1	36701	36900	1	1	1	1
1	36751	36950	1	1	1	1
1	36801	37000	1	0	1	1
1	36851	37050	1	0	0	1
1	36901	37100	1	0	1	0
1	36951	37150	0	1	1	0
1	37001	37200	0	1	1	0
1	37051	37250	0	1	1	0
1	37101	37300	1	1	0	1
1	37151	37350	1	0	0	1
1	37201	37400	1	1	0	1
1	37251	37450	1	1	1	1
1	37301	37500	1	1	1	1
1	37351	37550	1	1	1	1
1	37401	37600	1	1	1	1
1	37451	37650	1	1	1	1
1	37501	37700	1	1	0	1
1	37551	37750	1	1	1	1
1	37601	37800	1	1	0	1
1	37651	37850	1	1	1	1
1	37701	37900	1	1	1	1
1	37751	37950	1	1	1	0
1	37801	38000	1	1	0	1
1	37851	38050	1	1	0	1
1	37901	38100	1	1	0	1
1	37951	38150	1	1	0	1
1	38001	38200	1	1	0	0
1	38051	38250	1	0	0	0
1	38101	38300	1	0	1	0
1	38151	38350	1	1	1	0
1	38201	38400	1	1	1	0
1	38251	38450	1	1	1	0
1	38301	38500	1	0	1	0
1	38351	38550	1	0	1	1
1	38401	38600	1	0	1	1
1	38451	38650	1	1	1	1
1	38501	38700	0	1	1	1
1	38551	38750	1	1	1	1
1	38751	38950	1	1	1	1
1	38801	39000	1	1	1	1
1	38851	39050	1	1	1	0
1	38901	39100	1	1	0	0
1	38951	39150	1	1	0	0
1	39001	39200	1	1	0	0
1	39051	39250	1	1	0	1
1	39101	39300	0	1	0	1
1	39151	39350	0	1	0	1
1	39201	39400	0	1	0	1
1	39251	39450	0	1	0	0
1	39301	39500	1	1	0	0
1	39351	39550	1	1	1	1
1	39401	39600	1	1	1	1
1	39451	39650	1	1	0	1
1	39501	39700	1	0	0	1
1	39551	39750	0	1	0	0
1	39601	39800	0	1	0	0
1	39651	39850	0	1	0	1
1	39701	39900	0	1	1	0
1	39751	39950	1	1	1	0
1	39851	40050	1	0	0	0
1	39901	40100	1	0	0	0
1	39951	40150	1	0	0	0
1	40001	40200	1	0	0	0
1	40051	40250	1	1	1	1
1	40101	40300	1	1	1	1
1	40151	40350	1	0	1	1
1	40201	40400	1	0	1	1
1	40251	40450	1	0	1	1
1	40301	40500	1	0	1	1
1	40351	40550	1	0	1	1
1	40401	40600	0	1	0	1
1	40451	40650	0	1	0	1
1	40501	40700	1	0	1	1
1	40551	40750	1	0	0	1
1	40601	40800	1	1	1	1
1	40651	40850	1	1	1	1
1	40701	40900	1	1	1	1
1	40751	40950	1	1	1	1
1	40801	41000	1	1	1	1
1	40851	41050	1	1	1	1
1	40901	41100	1	1	1	0
1	40951	41150	1	1	1	0
1	41001	41200	0	1	1	0
1	41051	41250	1	1	1	1
1	41101	41300	1	1	1	1
1	41151	41350	1	1	0	1
1	41401	41600	0	0	1	0
1	41801	42000	1	1	1	0
1	41851	42050	1	0	0	0
1	41901	42100	1	1	1	1
1	41951	42150	1	1	1	1
1	42001	42200	1	1	1	1
1	42051	42250	1	1	1	1
1	42101	42300	1	1	1	1
1	42151	42350	1	1	0	1
1	42201	42400	1	1	0	1
1	42251	42450	0	1	0	0
1	42301	42500	0	1	0	1
1	42351	42550	1	1	0	1
1	42401	42600	1	1	0	0
1	42501	42700	1	1	1	1
1	42551	42750	1	1	1	1
1	42751	42950	1	1	1	1
1	42801	43000	0	1	1	1
1	42851	43050	0	1	1	1
1	42901	43100	0	1	0	1
1	42951	43150	0	1	0	1
1	43001	43200	0	0	1	1
1	43051	43250	1	1	1	0
1	43101	43300	1	1	1	1
1	43151	43350	0	1	1	0
1	43201	43400	0	1	1	0
1	43251	43450	0	1	1	1
1	43351	43550	0	1	1	1
1	43401	43600	0	1	0	0
1	43451	43650	0	1	1	1
1	43501	43700	1	1	0	1
1	43551	43750	1	1	0	1
1	43601	43800	1	1	1	1
1	43651	43850	1	1	1	0
1	43701	43900	1	1	1	0
1	43751	43950	1	1	1	0
1	43801	44000	1	1	1	0
1	43851	44050	1	0	1	1
1	43901	44100	1	1	0	1
1	43951	44150	1	1	0	1
1	44001	44200	1	1	0	1
1	44051	44250	1	1	0	1
1	44101	44300	1	1	0	1
1	44151	44350	1	1	0	1
1	44201	44400	0	1	1	1
1	44251	44450	1	1	1	0
1	44301	44500	1	0	1	0
1	44351	44550	1	0	0	0
1	44401	44600	1	0	0	0
1	44451	44650	0	0	0	0
1	44501	44700	0	0	0	0
1	44551	44750	0	0	1	0
1	44801	45000	1	1	0	1
1	44851	45050	1	1	0	0
1	44901	45100	1	1	0	0
1	44951	45150	1	1	1	0
1	45001	45200	1	1	0	1
1	45051	45250	1	1	0	1
1	45101	45300	1	1	0	1
1	45151	45350	1	1	0	1
1	45201	45400	1	1	0	0
1	45251	45450	1	1	0	0
1	45301	45500	1	0	1	0
1	45351	45550	1	1	1	0
1	45401	45600	1	1	1	0
1	45451	45650	1	1	1	0
1	45501	45700	1	1	1	1
1	45551	45750	1	1	1	1
1	45601	45800	1	1	1	1
1	45651	45850	1	1	0	1
1	45701	45900	1	1	1	1
1	45751	45950	1	1	1	1
1	45801	46000	1	1	1	1
1	45851	46050	1	0	1	1
1	45901	46100	1	0	1	1
1	45951	46150	1	0	1	1
1	46001	46200	1	0	1	1
1	46051	46250	0	1	1	1
1	46101	46300	0	1	1	0
1	46151	46350	1	1	0	0
1	46201	46400	1	1	0	1
1	46251	46450	1	1	0	1
1	46301	46500	1	0	0	1
1	46351	46550	0	1	0	1
1	46401	46600	0	1	0	1
1	46451	46650	0	1	1	1
1	46501	46700	1	1	1	1
1	46551	46750	1	0	1	1
1	46601	46800	1	0	1	1
1	46651	46850	1	0	1	1
1	46701	46900	1	0	1	0
1	46751	46950	1	0	1	0
1	46851	47050	0	1	1	0
1	46901	47100	0	0	1	0
1	46951	47150	1	0	1	1
1	47001	47200	1	1	1	1
1	47051	47250	1	1	1	1
1	47101	47300	1	1	1	1
1	47151	47350	1	1	0	1
1	47201	47400	1	1	1	0
1	47251	47450	1	0	1	0
1	47301	47500	1	0	1	0
1	47351	47550	1	0	1	0
1	47401	47600	1	1	1	0
1	47451	47650	1	1	0	1
1	47501	47700	1	1	0	1
1	47551	47750	1	1	0	1
1	47601	47800	1	1	1	0
1	47651	47850	1	1	1	0
1	47701	47900	1	1	1	0
1	47751	47950	1	1	1	1
1	47801	48000	1	0	1	1
1	47851	48050	1	0	0	1
1	47901	48100	1	0	1	1
1	47951	48150	0	1	1	1
1	48001	48200	0	1	0	1
1	48051	48250	0	1	1	1
1	48101	48300	0	1	1	1
1	48151	48350	1	0	1	1
1	48201	48400	1	0	1	1
1	48251	48450	1	0	0	1
1	48301	48500	1	0	0	1
1	48351	48550	1	1	0	1
1	48401	48600	1	1	0	1
1	48451	48650	1	1	1	1
1	48501	48700	1	1	1	1
1	48551	48750	0	1	1	0
1	48601	48800	0	1	1	0
1	48651	48850	0	0	0	0
1	48701	48900	0	0	0	0
1	48751	48950	0	0	0	1
1	48801	49000	0	0	0	1
1	48851	49050	1	1	0	1
1	48901	49100	0	1	0	1
1	48951	49150	1	1	1	1
1	49001	49200	1	1	1	0
1	49051	49250	1	1	1	0
1	49101	49300	1	0	1	0
1	49151	49350	0	0	1	0
1	49201	49400	1	1	1	0
1	49251	49450	1	1	1	0
1	49301	49500	1	1	1	0
1	49351	49550	1	1	1	1
1	49401	49600	1	1	1	1
1	49451	49650	1	0	1	1
1	49501	49700	1	0	1	1
1	49551	49750	1	1	0	1
1	49601	49800	1	1	1	1
1	49651	49850	1	1	1	1
1	49701	49900	0	1	1	1
1	49751	49950	0	1	1	1
1	49801	50000	0	1	1	1
1	49851	50050	0	1	1	1
1	49901	50100	0	1	1	1
1	49951	50150	0	1	1	1
1	50001	50200	0	1	1	1
1	50051	50250	0	1	1	1
1	50101	50300	1	1	1	1
1	50151	50350	1	1	0	0
1	50201	50400	1	1	0	0
1	50251	50450	0	1	1	0
1	50301	50500	1	1	0	0
1	50351	50550	1	1	0	1
1	50401	50600	1	0	0	1
1	50451	50650	1	0	0	1
1	50501	50700	1	1	0	1
1	50551	50750	0	0	1	1
1	50601	50800	1	1	1	1
1	50651	50850	1	1	0	1
1	50701	50900	1	1	1	1
1	50751	50950	1	0	0	1
1	50801	51000	1	0	1	1
1	50851	51050	1	0	1	1
1	51001	51200	0	1	1	0
1	51051	51250	0	1	1	0
1	51101	51300	0	1	1	1
1	51151	51350	0	0	0	1
1	51201	51400	1	1	1	1
1	51251	51450	1	1	1	1
1	51301	51500	1	1	1	1
1	51351	51550	0	1	1	1
1	51401	51600	0	1	1	0
1	51451	51650	0	1	1	1
1	51501	51700	0	1	1	1
1	51551	51750	1	1	1	1
1	51601	51800	1	1	1	1
1	51651	51850	1	1	0	1
1	51701	51900	1	1	1	0
1	51751	51950	1	1	1	1
1	51851	52050	1	1	1	1
1	51901	52100	1	1	0	1
1	51951	52150	0	1	1	1
1	52001	52200	0	1	1	1
1	52051	52250	0	0	1	0
1	52101	52300	1	1	1	0
1	52151	52350	1	1	1	0
1	52201	52400	1	1	0	0
1	52251	52450	1	1	1	0
1	52301	52500	0	1	1	0
1	52351	52550	0	1	1	0
1	52401	52600	1	1	1	1
1	52451	52650	0	1	1	1
1	52501	52700	1	1	1	1
1	52551	52750	1	1	1	1
1	52601	52800	1	1	1	0
1	52651	52850	0	1	1	1
1	52701	52900	0	1	1	1
1	52751	52950	1	1	0	1
1	52801	53000	1	1	0	1
1	52851	53050	0	1	0	1
1	52901	53100	0	1	0	1
1	52951	53150	0	1	0	1
1	53001	53200	0	0	0	1
1	53051	53250	1	1	0	1
1	53101	53300	1	1	1	1
1	53151	53350	1	1	1	1
1	53201	53400	1	1	1	1
1	53251	53450	1	1	1	1
1	53301	53500	1	1	1	1
1	53351	53550	1	0	1	1
1	53401	53600	1	0	1	1
1	53451	53650	1	0	0	1
1	53501	53700	1	0	0	1
1	53551	53750	0	1	0	1
1	53601	53800	1	1	0	1
1	53651	53850	1	0	0	1
1	53701	53900	1	1	0	0
1	53751	53950	1	1	0	0
1	53801	54000	1	1	0	0
1	53851	54050	0	1	0	1
1	53901	54100	0	1	0	1
1	53951	54150	0	0	0	0
1	54001	54200	0	0	1	0
1	54051	54250	0	0	1	0
1	54101	54300	0	0	1	1
1	54151	54350	0	1	1	1
1	54201	54400	1	1	1	1
1	54251	54450	1	1	1	1
1	54301	54500	1	1	0	1
1	54351	54550	1	1	0	1
1	54401	54600	1	1	0	1
1	54451	54650	0	0	0	1
1	54501	54700	0	0	1	1
1	54751	54950	1	1	0	1
1	54801	55000	0	1	0	1
1	54851	55050	0	1	0	1
1	54901	55100	0	1	0	1
1	54951	55150	1	1	0	1
1	55001	55200	1	1	0	0
1	55051	55250	1	0	0	1
1	55151	55350	1	0	0	1
1	55201	55400	0	0	1	1
1	55251	55450	0	0	1	1
1	55301	55500	0	1	1	1
1	55351	55550	1	1	1	1
1	55401	55600	1	1	1	1
1	55451	55650	1	1	1	1
1	55501	55700	1	1	0	1
1	55551	55750	1	1	1	0
1	55601	55800	1	1	1	0
1	55651	55850	1	1	1	0
1	55701	55900	0	1	1	0
1	55751	55950	0	1	1	0
1	55801	56000	0	1	0	0
1	55901	56100	1	0	1	1
1	55951	56150	1	0	1	1
1	56001	56200	1	1	1	1
1	56051	56250	1	1	1	1
1	56101	56300	0	1	1	0
1	56351	56550	1	1	1	1
1	56401	56600	1	1	1	0
1	56451	56650	1	1	0	0
1	56501	56700	1	1	0	0
1	56551	56750	1	1	0	0
1	56601	56800	1	1	0	1
1	56651	56850	1	1	1	1
1	56701	56900	1	1	1	1
1	56751	56950	1	1	1	1
1	56851	57050	1	1	1	1
1	56901	57100	0	1	0	1
1	56951	57150	0	1	0	1
1	57001	57200	0	1	0	0
1	57051	57250	0	1	0	0
1	57101	57300	0	1	0	0
1	57151	57350	1	1	1	0
1	57201	57400	1	1	1	1
1	57251	57450	1	1	1	1
1	57301	57500	0	1	1	1
1	57351	57550	0	1	0	1
1	57401	57600	0	1	0	0
1	57451	57650	0	1	0	0
1	57501	57700	0	1	1	0
1	57551	57750	0	1	1	0
1	57601	57800	0	0	1	0
1	57651	57850	0	0	1	1
1	57701	57900	0	0	1	1
1	57751	57950	1	0	1	1
1	57801	58000	1	1	1	1
1	57851	58050	1	1	1	1
1	57901	58100	1	1	1	1
1	57951	58150	1	1	1	0
1	58001	58200	1	0	1	1
1	58051	58250	1	0	1	1
1	58101	58300	1	0	1	1
1	58151	58350	1	0	1	1
1	58201	58400	1	0	1	0
1	58251	58450	0	0	1	0
1	58301	58500	0	0	1	0
1	58351	58550	0	1	1	0
1	58401	58600	0	1	1	0
1	58451	58650	1	1	1	0
1	58501	58700	1	1	1	0
1	58551	58750	1	1	1	0
1	58601	58800	1	1	1	0
1	58651	58850	0	1	0	1
1	58701	58900	1	1	0	1
1	58751	58950	0	1	0	1
1	58801	59000	0	1	0	1
1	58901	59100	0	1	1	1
1	58951	59150	1	0	1	1
1	59001	59200	1	0	1	1
1	59051	59250	1	0	1	1
1	59101	59300	1	0	1	1
1	59151	59350	1	1	0	0
1	59201	59400	0	1	0	1
1	59251	59450	0	0	1	1
1	59301	59500	1	0	1	1
1	59351	59550	1	0	1	1
1	59401	59600	1	0	1	0
1	59451	59650	1	0	1	0
1	59501	59700	0	1	1	0
1	59551	59750	0	1	1	0
1	59601	59800	0	1	1	0
1	59651	59850	1	1	1	0
1	59701	59900	1	1	1	0
1	59751	59950	1	1	1	0
1	59801	60000	1	1	1	1
1	59851	60050	1	0	1	1
1	59901	60100	1	1	1	1
1	59951	60150	1	1	1	1
1	60001	60200	1	1	1	1
1	60051	60250	1	1	1	1
1	60101	60300	1	0	1	1
1	60151	60350	1	0	1	1
1	60201	60400	1	0	1	1
1	60251	60450	1	0	1	1
1	60301	60500	1	0	1	1
1	60351	60550	1	1	0	1
1	60401	60600	1	0	1	1
1	60451	60650	1	0	1	1
1	60501	60700	1	0	1	0
1	60551	60750	0	0	1	1
1	60601	60800	1	0	1	1
1	60651	60850	1	0	0	1
1	60701	60900	1	0	1	1
1	60751	60950	1	1	1	0
1	60801	61000	0	1	1	0
1	61151	61350	0	1	1	1
1	61201	61400	0	1	1	1
1	61251	61450	1	1	0	1
1	61301	61500	1	0	0	1
1	61351	61550	1	0	1	1
1	61401	61600	0	1	1	1
1	61451	61650	0	1	1	1
1	61501	61700	0	1	1	1
1	61551	61750	0	1	1	1
1	61601	61800	1	1	1	1
1	61651	61850	0	1	1	0
1	61701	61900	1	1	1	1
1	61751	61950	0	1	1	1
1	61801	62000	0	1	1	1
1	61901	62100	0	0	1	1
1	61951	62150	0	0	1	1
1	62001	62200	0	0	1	1
1	62051	62250	0	0	1	1
1	62201	62400	1	1	1	1
1	62251	62450	1	1	0	1
1	62301	62500	1	1	0	1
1	62351	62550	1	1	0	1
1	62401	62600	1	1	0	1
1	62451	62650	1	1	0	1
1	62501	62700	1	1	1	1
1	62551	62750	1	1	0	0
1	62601	62800	1	1	0	1
1	62651	62850	1	1	0	0
1	62701	62900	1	1	0	0
1	62751	62950	1	1	1	1
1	63001	63200	1	0	0	1
1	63051	63250	1	0	0	1
1	63101	63300	1	1	0	1
1	63151	63350	1	0	1	0
1	63201	63400	1	0	1	0
1	63251	63450	1	0	1	1
1	63301	63500	1	1	1	0
1	63351	63550	1	1	1	0
1	63401	63600	0	1	1	0
1	63451	63650	0	1	0	0
1	63501	63700	0	1	1	1
1	63551	63750	1	1	1	0
1	63601	63800	1	1	1	0
1	63651	63850	1	1	1	1
1	63701	63900	1	1	0	1
1	63751	63950	1	1	0	1
1	63801	64000	1	1	0	1
1	63851	64050	1	1	0	1
1	63901	64100	1	1	1	1
1	63951	64150	1	1	1	1
1	64001	64200	1	1	1	0
1	64051	64250	1	1	1	0
1	64101	64300	1	1	1	0
1	64151	64350	1	1	1	0
1	64201	64400	1	1	1	1
1	64251	64450	1	1	0	1
1	64301	64500	1	1	0	0
1	64351	64550	1	1	0	1
1	64401	64600	1	1	0	1
1	64451	64650	1	1	1	1
1	64501	64700	1	1	1	1
1	64551	64750	1	1	1	1
1	64601	64800	0	1	1	0
1	64651	64850	0	0	1	0
1	64701	64900	0	0	1	1
1	64751	64950	0	0	1	1
1	64801	65000	1	0	1	1
1	64851	65050	1	0	1	1
1	64901	65100	0	0	1	1
1	64951	65150	1	0	1	1
1	65001	65200	1	0	0	1
1	65051	65250	1	0	0	1
1	65101	65300	1	0	0	1
1	65151	65350	0	0	0	1
1	65201	65400	0	0	0	1
1	65251	65450	1	0	1	1
1	65301	65500	0	1	1	1
1	65351	65550	0	0	1	1
1	65401	65600	0	0	1	1
1	65451	65650	0	0	1	1
1	65501	65700	0	0	1	1
1	65551	65750	0	0	1	1
1	65601	65800	0	0	0	0
1	65651	65850	0	1	1	0
1	65701	65900	0	1	1	1
1	65751	65950	0	1	1	1
1	65801	66000	0	1	1	1
1	65851	66050	0	1	1	1
1	65901	66100	1	0	1	1
1	65951	66150	1	0	1	1
1	66001	66200	1	0	0	1
1	66051	66250	1	0	0	1
1	66101	66300	1	1	0	1
1	66151	66350	1	0	0	1
1	66201	66400	1	1	1	1
1	66251	66450	0	1	1	1
1	66301	66500	0	1	1	1
1	66351	66550	1	1	1	1
1	66401	66600	1	1	1	1
1	66451	66650	1	0	1	0
1	66501	66700	1	0	0	0
1	66551	66750	1	0	0	0
1	66601	66800	0	0	0	0
1	66651	66850	0	1	0	1
1	66701	66900	0	1	0	1
1	66751	66950	0	1	0	1
1	66801	67000	1	1	0	1
1	66851	67050	1	1	0	1
1	66901	67100	1	1	0	1
1	66951	67150	1	1	0	1
1	67051	67250	1	1	1	0
1	67101	67300	1	1	1	0
1	67151	67350	1	1	1	0
1	67201	67400	0	0	1	0
1	67251	67450	0	0	1	1
1	67301	67500	0	0	0	1
1	67351	67550	0	0	0	0
1	67401	67600	0	1	0	0
1	67451	67650	0	1	0	0
1	67501	67700	0	1	1	0
1	67551	67750	0	1	1	0
1	67601	67800	0	1	1	0
1	67651	67850	0	1	1	1
1	67751	67950	0	1	1	1
1	67801	68000	0	1	1	1
1	67851	68050	0	1	0	1
1	67901	68100	0	1	0	1
1	67951	68150	1	1	0	1
1	68001	68200	1	1	0	1
1	68201	68400	1	1	1	0
1	68251	68450	1	1	1	1
1	68301	68500	1	1	1	1
1	68351	68550	0	0	1	1
1	68451	68650	1	0	1	0
1	68501	68700	1	0	0	0
1	68551	68750	1	1	0	0
1	68601	68800	1	0	0	0
1	68651	68850	1	0	0	1
1	68701	68900	1	0	1	1
1	68751	68950	0	0	1	1
1	68801	69000	0	1	1	0
1	68851	69050	0	1	1	0
1	68901	69100	0	1	1	1
1	69001	69200	0	0	1	1
1	69051	69250	0	0	1	1
1	69101	69300	0	0	0	0
1	69151	69350	0	1	0	0
1	69201	69400	0	1	0	0
1	69251	69450	1	1	0	1
1	69301	69500	1	1	0	1
1	69351	69550	1	1	0	1
1	69401	69600	1	1	1	1
1	69451	69650	1	1	1	1
1	69501	69700	1	1	1	0
1	69551	69750	1	1	1	1
1	69601	69800	1	0	1	1
1	69651	69850	1	1	1	1
1	69701	69900	1	1	1	1
1	69751	69950	0	1	0	1
1	69801	70000	0	1	1	1
1	69851	70050	0	1	1	1
1	69901	70100	0	1	1	1
1	69951	70150	0	1	1	1
1	70001	70200	1	1	1	1
1	70051	70250	0	1	1	1
1	70101	70300	0	1	1	1
1	70151	70350	1	1	1	1
1	70201	70400	1	1	1	1
1	70251	70450	1	1	1	1
1	70301	70500	1	1	1	1
1	70351	70550	1	1	1	1
1	70401	70600	1	1	1	1
1	70451	70650	1	1	1	1
1	70501	70700	1	1	1	0
1	70551	70750	1	0	1	1
1	70601	70800	1	0	1	0
1	70651	70850	1	0	1	0
1	70701	70900	0	1	1	0
1	70751	70950	0	1	0	1
1	70801	71000	0	1	1	1
1	70851	71050	0	1	1	1
1	70901	71100	0	1	1	1
1	70951	71150	0	1	1	0
1	71001	71200	1	1	1	0
1	71051	71250	1	1	1	0
1	71101	71300	1	1	1	1
1	71151	71350	1	1	1	1
1	71201	71400	0	1	1	1
1	71251	71450	0	1	1	1
1	71301	71500	1	1	1	1
1	71351	71550	1	1	1	1
1	71401	71600	1	1	1	1
1	71451	71650	1	1	1	1
1	71501	71700	1	1	1	0
1	71551	71750	1	1	1	0
1	71601	71800	1	1	1	0
1	71651	71850	1	1	0	0
1	71701	71900	1	1	0	1
1	71751	71950	1	1	0	1
1	71801	72000	1	1	0	1
1	71851	72050	1	1	1	1
1	71901	72100	1	1	1	1
1	71951	72150	0	1	1	1
1	72001	72200	1	1	1	1
1	72051	72250	1	1	1	1
1	72101	72300	1	1	1	1
1	72151	72350	1	1	1	1
1	72201	72400	1	1	1	0
1	72251	72450	1	1	1	0
1	72301	72500	1	1	1	0
1	72351	72550	1	1	1	1
1	72401	72600	1	1	1	0
1	72451	72650	1	1	0	1
1	72501	72700	1	1	0	0
1	72551	72750	1	1	0	0
1	72601	72800	1	1	1	0
1	72651	72850	1	1	1	0
1	72701	72900	0	1	1	0
1	72751	72950	0	1	1	0
1	72801	73000	0	1	1	0
1	72851	73050	0	1	1	0
1	72901	73100	1	1	0	0
1	72951	73150	1	1	0	0
1	73001	73200	0	1	0	1
1	73051	73250	0	1	0	0
1	73101	73300	0	1	0	1
1	73151	73350	0	1	0	1
1	73201	73400	1	0	0	1
1	73251	73450	1	0	0	1
1	73301	73500	1	1	0	1
1	73351	73550	0	1	0	1
1	73401	73600	0	1	0	1
1	73451	73650	0	1	1	0
1	73501	73700	0	0	1	0
1	73551	73750	0	0	1	1
1	73601	73800	0	0	1	1
1	73651	73850	0	0	1	1
1	73701	73900	0	0	1	1
1	73751	73950	1	0	1	1
1	73801	74000	0	0	1	0
1	73851	74050	0	0	1	0
1	73901	74100	0	0	0	0
1	74001	74200	1	1	0	1
1	74051	74250	1	0	0	1
1	74101	74300	1	1	0	1
1	74151	74350	1	1	1	1
1	74201	74400	0	1	1	1
1	74251	74450	0	1	1	1
1	74301	74500	0	1	0	1
1	74351	74550	1	1	0	1
1	74401	74600	1	1	0	1
1	74451	74650	1	1	0	1
1	74501	74700	1	1	0	1
1	74551	74750	0	1	0	1
1	74601	74800	1	1	0	1
1	74651	74850	0	1	0	1
1	74701	74900	0	1	0	0
1	74751	74950	0	1	0	0
1	74801	75000	0	1	1	0
1	74851	75050	0	1	0	0
1	74901	75100	0	1	1	1
1	74951	75150	1	0	1	1
1	75001	75200	1	0	1	1
1	75051	75250	1	0	1	1
1	75101	75300	1	0	1	1
1	75151	75350	0	0	1	1
1	75201	75400	0	0	1	1
1	75251	75450	0	0	1	1
1	75301	75500	1	0	0	1
1	75501	75700	1	0	1	0
1	75551	75750	1	0	1	0
1	75601	75800	1	0	1	0
1	75651	75850	1	0	1	0
1	75701	75900	1	0	1	1
1	75801	76000	1	1	1	1
1	75851	76050	1	1	1	1
1	75901	76100	1	1	1	1
1	75951	76150	1	1	1	1
1	76001	76200	1	0	0	1
1	76051	76250	1	0	0	1
1	76101	76300	1	0	0	1
1	76151	76350	1	0	0	0
1	76301	76500	0	0	1	0
1	76401	76600	0	0	1	0
1	76451	76650	0	0	1	1
1	76501	76700	1	1	0	1
1	76551	76750	1	1	0	1
1	76601	76800	1	1	0	1
1	76651	76850	1	1	0	1
1	76701	76900	1	0	1	1
1	76751	76950	1	0	1	1
1	76801	77000	1	0	1	1
1	76851	77050	1	0	1	1
1	76901	77100	1	1	1	1
1	76951	77150	1	1	1	1
1	77001	77200	1	1	1	1
1	77051	77250	1	1	1	1
1	77101	77300	1	1	1	1
1	77151	77350	1	1	1	1
1	77201	77400	1	1	1	1
1	77251	77450	1	1	1	1
1	77301	77500	1	1	1	0
1	77351	77550	1	0	1	0
1	77401	77600	1	0	1	0
1	77451	77650	0	0	0	0
1	77501	77700	1	1	0	1
1	77551	77750	1	1	0	1
1	77601	77800	1	0	0	1
1	77651	77850	1	0	1	1
1	77701	77900	1	0	0	0
1	77751	77950	1	1	1	1
1	77801	78000	1	1	1	0
1	77851	78050	1	1	1	0
1	77901	78100	1	1	1	0
1	77951	78150	1	1	1	0
1	78001	78200	1	1	1	1
1	78051	78250	1	1	1	0
1	78101	78300	1	1	1	0
1	78151	78350	1	1	1	0
1	78201	78400	0	1	1	0
1	78551	78750	1	1	0	1
1	78651	78850	0	0	0	1
1	78701	78900	0	1	0	1
1	78751	78950	0	1	1	1
1	78801	79000	0	1	1	1
1	78851	79050	0	1	1	1
1	78901	79100	0	1	1	0
1	78951	79150	1	1	1	0
1	79001	79200	1	1	1	0
1	79051	79250	1	1	1	0
1	79101	79300	1	1	1	1
1	79151	79350	1	0	1	1
1	79301	79500	0	0	0	1
1	79451	79650	0	0	0	1
1	79501	79700	0	1	1	1
1	79551	79750	0	1	1	1
1	79601	79800	0	1	1	1
1	79651	79850	0	1	1	1
1	79751	79950	1	1	1	1
1	79901	80100	1	1	1	1
1	79951	80150	0	1	0	1
1	80001	80200	0	0	0	1
1	80051	80250	0	0	1	0
1	80101	80300	0	0	1	1
1	80151	80350	0	0	1	0
1	80201	80400	0	1	1	0
1	80251	80450	0	1	1	0
1	80301	80500	0	1	0	0
1	80351	80550	0	1	1	1
1	80401	80600	0	0	0	1
1	80451	80650	0	0	0	1
1	80501	80700	0	0	1	1
1	80551	80750	0	0	1	1
1	80601	80800	0	1	1	1
1	80651	80850	0	1	1	1
1	80701	80900	0	1	1	0
1	80751	80950	0	1	0	0
1	80801	81000	0	1	0	0
1	80901	81100	1	1	0	0
1	81001	81200	1	1	0	1
1	81051	81250	1	1	1	1
1	81101	81300	1	0	1	1
1	81151	81350	1	1	1	1
1	81201	81400	1	1	1	1
1	81251	81450	1	1	1	1
1	81301	81500	1	1	1	1
1	81351	81550	1	1	1	1
1	81401	81600	1	1	1	1
1	81451	81650	0	1	1	1
1	81501	81700	0	1	1	1
1	81551	81750	0	1	0	1
1	81601	81800	1	0	0	1
1	81651	81850	1	0	0	1
1	81701	81900	1	0	0	1
1	81751	81950	1	0	1	1
1	81801	82000	1	0	1	1
1	81851	82050	1	1	1	1
1	81901	82100	0	1	1	1
1	81951	82150	0	1	1	1
1	82001	82200	0	0	0	1
1	82151	82350	1	0	1	1
1	82201	82400	1	0	1	1
1	82251	82450	1	0	1	1
1	82301	82500	1	0	1	1
1	82351	82550	1	1	1	0
1	82451	82650	0	1	1	0
1	82501	82700	0	1	1	0
1	82551	82750	1	1	1	0
1	82601	82800	1	1	0	0
1	82651	82850	1	1	0	0
1	82751	82950	0	1	1	0
1	82801	83000	1	1	0	0
1	82851	83050	1	1	1	1
1	82901	83100	1	1	1	1
1	82951	83150	1	1	1	1
1	83001	83200	1	1	1	1
1	83051	83250	1	1	0	1
1	83101	83300	1	1	1	1
1	83151	83350	0	0	1	1
1	83201	83400	0	1	1	1
1	83251	83450	0	0	1	1
1	83301	83500	0	0	1	1
1	83351	83550	0	0	1	1
1	83401	83600	1	0	0	1
1	83451	83650	1	0	0	1
1	83501	83700	1	0	0	1
1	83551	83750	1	1	1	1
1	83601	83800	1	0	0	1
1	83651	83850	0	1	0	1
1	83701	83900	1	1	0	1
1	83751	83950	1	1	0	1
1	83801	84000	1	1	0	1
1	83851	84050	1	1	1	0
1	83901	84100	1	1	1	0
1	83951	84150	1	1	1	0
1	84001	84200	1	1	0	0
1	84051	84250	1	0	0	1
1	84101	84300	1	1	1	1
1	84151	84350	1	1	1	0
1	84201	84400	1	1	1	0
1	84251	84450	0	1	1	0
1	84301	84500	0	1	1	0
1	84351	84550	0	1	1	1
1	84401	84600	0	1	1	0
1	84451	84650	1	1	0	0
1	84501	84700	1	1	0	0
1	84551	84750	1	1	0	0
1	84601	84800	1	1	0	1
1	84651	84850	1	1	0	1
1	84701	84900	0	1	1	1
1	84751	84950	0	0	1	1
1	84801	85000	0	0	0	0
1	84851	85050	0	0	1	1
1	84901	85100	0	1	1	1
1	84951	85150	1	1	1	1
1	85001	85200	1	1	1	1
1	85051	85250	1	1	1	1
1	85101	85300	1	0	1	1
1	85351	85550	1	1	1	1
1	85401	85600	1	1	1	1
1	85451	85650	1	1	0	1
1	85501	85700	1	1	0	1
1	85551	85750	1	1	0	1
1	85701	85900	1	0	0	1
1	85901	86100	1	0	1	1
1	85951	86150	1	0	1	1
1	86001	86200	1	0	1	1
1	86051	86250	1	0	1	1
1	86101	86300	1	1	1	0
1	86151	86350	1	1	1	0
1	86201	86400	1	1	1	0
1	86251	86450	1	0	1	0
1	86301	86500	1	1	1	0
1	86351	86550	1	1	1	1
1	86401	86600	1	1	1	1
1	86451	86650	1	1	1	1
1	86501	86700	1	0	0	1
1	86551	86750	1	0	1	1
1	86601	86800	1	0	0	1
1	86651	86850	1	0	1	1
1	86701	86900	1	0	1	1
1	86751	86950	1	0	1	1
1	86901	87100	1	0	1	1
1	86951	87150	1	0	1	1
1	87001	87200	1	0	1	1
1	87051	87250	1	0	1	1
1	87101	87300	1	0	0	1
1	87401	87600	1	1	1	1
1	87451	87650	1	1	1	1
1	87501	87700	0	0	0	1
1	87551	87750	0	0	0	1
1	87601	87800	0	1	0	1
1	87651	87850	0	1	0	1
1	87701	87900	0	1	1	1
1	87751	87950	0	1	0	1
1	87801	88000	0	1	1	1
1	87851	88050	0	1	1	1
1	87901	88100	1	1	1	1
1	87951	88150	1	1	0	1
1	88001	88200	1	1	0	1
1	88051	88250	1	1	0	1
1	88101	88300	1	1	1	1
1	88151	88350	1	1	1	1
1	88201	88400	1	1	1	1
1	88251	88450	1	1	1	1
1	88301	88500	1	1	0	1
1	88401	88600	1	1	0	1
1	88451	88650	1	1	1	1
1	88501	88700	1	1	1	1
1	88551	88750	1	1	1	1
1	88601	88800	1	1	1	1
1	88651	88850	1	1	1	1
1	88701	88900	1	1	1	1
1	88751	88950	1	1	0	1
1	88801	89000	1	1	0	1
1	88851	89050	1	1	0	1
1	88901	89100	1	1	1	1
1	88951	89150	1	1	0	1
1	89001	89200	1	0	1	1
1	89051	89250	1	1	0	1
1	89101	89300	1	1	0	0
1	89151	89350	1	1	0	0
1	89201	89400	1	1	1	0
1	89251	89450	0	0	1	0
1	89301	89500	0	0	1	0
1	89351	89550	0	0	1	1
1	89401	89600	1	1	1	1
1	89451	89650	1	1	1	1
1	89501	89700	1	1	1	1
1	89551	89750	1	1	0	1
1	89601	89800	0	1	0	1
1	89651	89850	1	1	0	1
1	89701	89900	1	1	1	1
1	89751	89950	1	1	1	1
1	89801	90000	1	0	1	1
1	89851	90050	0	1	0	1
1	89901	90100	1	1	0	1
1	89951	90150	1	1	0	1
1	90001	90200	1	1	0	1
1	90051	90250	1	1	1	0
1	90101	90300	1	1	1	1
1	90151	90350	1	1	1	1
1	90201	90400	1	1	1	1
1	90251	90450	1	1	1	1
1	90301	90500	1	1	1	1
1	90351	90550	1	1	1	1
1	90401	90600	1	0	1	1
1	90451	90650	1	0	1	1
1	90501	90700	1	0	1	1
1	90551	90750	1	0	1	0
1	90601	90800	1	0	0	0
1	90651	90850	1	1	0	1
1	90851	91050	1	1	1	1
1	90901	91100	1	1	1	1
1	90951	91150	1	1	1	1
1	91001	91200	1	1	1	0
1	91051	91250	1	1	1	0
1	91101	91300	1	0	1	0
1	91151	91350	1	1	1	1
1	91201	91400	1	1	1	1
1	91251	91450	1	1	1	1
1	91301	91500	1	1	1	1
1	91351	91550	1	1	1	1
1	91401	91600	1	1	1	1
1	91451	91650	1	1	1	1
1	91501	91700	1	1	1	0
1	91551	91750	0	0	0	0
1	91601	91800	0	0	0	0
1	91651	91850	0	0	0	0
1	91701	91900	0	0	0	1
1	91751	91950	0	0	1	1
1	91801	92000	1	0	1	1
1	91851	92050	1	0	1	1
1	91901	92100	1	0	1	1
1	91951	92150	1	0	1	1
1	92001	92200	1	0	1	1
1	92051	92250	0	0	1	1
1	92101	92300	0	1	1	1
1	92151	92350	0	1	0	1
1	92201	92400	0	1	1	1
1	92251	92450	0	1	1	1
1	92301	92500	1	1	1	1
1	92351	92550	1	1	1	0
1	92401	92600	1	1	1	0
1	92451	92650	1	1	1	0
1	92501	92700	0	1	1	1
1	92551	92750	1	1	1	1
1	92601	92800	1	0	1	1
1	92651	92850	1	1	1	1
1	92701	92900	1	1	1	1
1	92751	92950	1	1	1	1
1	92801	93000	0	1	1	1
1	92851	93050	1	1	0	1
1	92901	93100	1	1	0	1
1	92951	93150	1	1	0	1
1	93001	93200	1	1	0	1
1	93051	93250	1	1	1	1
1	93101	93300	1	1	1	1
1	93151	93350	1	1	1	1
1	93201	93400	1	1	1	1
1	93251	93450	1	1	1	1
1	93301	93500	1	1	1	1
1	93351	93550	1	1	1	1
1	93401	93600	1	1	1	1
1	93451	93650	1	1	1	1
1	93501	93700	1	1	1	1
1	93551	93750	1	1	0	1
1	93601	93800	1	0	0	1
1	93651	93850	1	1	0	1
1	93701	93900	1	1	1	1
1	93751	93950	1	1	1	0
1	93801	94000	1	1	1	1
1	93851	94050	0	1	1	1
1	93901	94100	0	1	1	1
1	93951	94150	1	1	1	1
1	94001	94200	1	1	1	1
1	94051	94250	0	0	0	0
1	94101	94300	0	0	1	0
1	94151	94350	0	0	0	0
1	94201	94400	0	0	1	0
1	94251	94450	0	1	1	1
1	94301	94500	1	1	1	0
1	94351	94550	1	1	1	1
1	94401	94600	1	1	1	1
1	94451	94650	1	1	1	0
1	94501	94700	1	0	1	1
1	94551	94750	0	0	0	0
1	94601	94800	0	0	0	1
1	94651	94850	0	0	0	1
1	94701	94900	0	1	0	1
1	94751	94950	1	1	0	1
1	94801	95000	1	1	0	0
1	94851	95050	1	1	0	0
1	94901	95100	1	1	0	0
1	94951	95150	1	1	0	0
1	95001	95200	1	1	1	1
1	95051	95250	1	1	1	0
1	95101	95300	1	1	1	0
1	95151	95350	1	1	1	0
1	95201	95400	1	1	1	0
1	95251	95450	1	0	1	0
1	95301	95500	1	1	1	0
1	95351	95550	0	1	1	1
1	95401	95600	0	1	1	1
1	95451	95650	0	1	1	1
1	95501	95700	0	0	1	1
1	95551	95750	1	1	1	0
1	95601	95800	1	1	1	1
1	95651	95850	1	1	0	1
1	95701	95900	1	1	0	1
1	95751	95950	1	0	0	1
1	95801	96000	1	0	0	1
1	95851	96050	1	0	0	1
1	95901	96100	0	0	0	1
1	95951	96150	0	1	0	0
1	96001	96200	0	1	1	1
1	96051	96250	1	1	1	0
1	96101	96300	1	1	0	0
1	96151	96350	1	1	0	1
1	96201	96400	1	1	0	1
1	96251	96450	1	1	1	1
1	96301	96500	1	1	1	1
1	96351	96550	1	1	1	1
1	96401	96600	1	1	1	1
1	96451	96650	1	0	1	1
1	96501	96700	1	0	1	0
1	96551	96750	0	1	1	0
1	96601	96800	1	1	1	0
1	96651	96850	1	1	0	1
1	96701	96900	1	1	1	1
1	96751	96950	1	1	1	1
1	96801	97000	1	1	1	1
1	96851	97050	1	1	1	1
1	96901	97100	1	1	1	1
1	96951	97150	1	1	1	1
1	97001	97200	1	0	1	1
1	97051	97250	1	1	1	1
1	97101	97300	1	1	1	1
1	97151	97350	1	1	1	1
1	97201	97400	0	1	1	1
1	97251	97450	0	1	0	1
1	97301	97500	0	1	0	1
1	97351	97550	0	0	0	1
1	97401	97600	0	0	1	1
1	97451	97650	1	0	1	0
1	97501	97700	1	0	1	0
1	97551	97750	1	0	0	1
1	97601	97800	1	0	0	1
1	97651	97850	1	0	0	1
1	97701	97900	1	0	0	1
1	97751	97950	1	0	1	1
1	97801	98000	0	1	1	1
1	97851	98050	0	1	1	1
1	97901	98100	1	0	1	0
1	97951	98150	1	1	1	0
1	98001	98200	1	1	0	0
1	98051	98250	1	1	0	0
1	98101	98300	1	1	0	0
1	98151	98350	1	1	0	0
1	98201	98400	0	1	0	1
1	98251	98450	1	1	0	1
1	98301	98500	1	1	0	1
1	98351	98550	1	1	1	0
1	98401	98600	1	1	1	0
1	98451	98650	0	1	1	1
1	98501	98700	0	1	1	1
1	98551	98750	0	1	1	1
1	98601	98800	0	1	1	1
1	98651	98850	0	0	0	1
1	98701	98900	0	0	0	1
1	98751	98950	0	0	0	1
1	98801	99000	1	0	0	1
1	98851	99050	0	1	0	1
1	98901	99100	1	1	0	1
1	98951	99150	1	1	0	1
1	99001	99200	1	1	0	1
1	99051	99250	1	1	0	1
1	99101	99300	1	1	0	1
1	99151	99350	0	1	1	0
1	99201	99400	0	1	1	1
1	99251	99450	0	1	1	1
1	99301	99500	1	0	1	1
1	99351	99550	1	0	1	1
1	99401	99600	1	0	1	1
1	99451	99650	1	1	1	1
1	99501	99700	1	1	0	1
1	99551	99750	1	1	0	1
1	99601	99800	1	1	0	1
1	99651	99850	1	1	0	0
1	99701	99900	1	1	1	0
1	99751	99950	1	1	0	0
1	99801	100000	1	1	0	0
1	99851	100050	1	1	0	0
1	99901	100100	1	1	0	0
1	99951	100150	1	1	1	1
1	100001	100200	1	0	1	1
1	100051	100250	1	0	1	1
1	100101	100300	1	1	1	1
1	100151	100350	1	1	1	1
1	100201	100400	1	1	1	1
1	100251	100450	1	1	0	1
1	100301	100500	1	1	0	1
1	100351	100550	1	1	0	0
1	100401	100600	1	1	0	0
1	100451	100650	1	1	0	1
1	100501	100700	0	1	0	1
1	100551	100750	0	1	0	1
1	100601	100800	0	1	1	1
1	100651	100850	1	1	1	1
1	100701	100900	1	1	1	1
1	100751	100950	1	1	1	1
1	100801	101000	0	1	1	1
1	100851	101050	0	1	1	1
1	100901	101100	0	0	1	0
1	100951	101150	0	0	1	0
1	101001	101200	1	0	1	0
1	101051	101250	0	1	1	0
1	101101	101300	0	1	1	0
1	101151	101350	0	1	1	1
1	101201	101400	0	1	0	0
1	101251	101450	1	1	0	0
1	101301	101500	1	0	0	0
1	101351	101550	1	0	0	0
1	101401	101600	1	0	1	0
1	101451	101650	1	0	1	0
1	101501	101700	1	1	1	0
1	101551	101750	0	1	0	0
1	101601	101800	0	1	0	0
1	101651	101850	0	1	0	0
1	101701	101900	0	1	1	0
1	101751	101950	0	1	1	0
1	101801	102000	0	1	1	0
1	101851	102050	0	1	1	0
1	101901	102100	0	1	1	0
1	101951	102150	1	1	1	0
1	102001	102200	1	1	1	1
1	102051	102250	1	1	1	1
1	102101	102300	1	1	1	1
1	102151	102350	1	1	0	1
1	102201	102400	1	1	0	1
1	102251	102450	1	0	0	1
1	102301	102500	1	0	0	1
1	102351	102550	1	0	0	1
1	102401	102600	1	0	0	1
1	102451	102650	1	1	0	1
1	102501	102700	1	1	0	1
1	102551	102750	1	1	0	0
1	102651	102850	1	0	0	1
1	102701	102900	1	0	1	1
1	102751	102950	1	0	1	1
1	102801	103000	0	0	1	1
1	102851	103050	0	1	1	1
1	102901	103100	0	1	0	0
1	102951	103150	1	1	0	0
1	103001	103200	1	1	0	1
1	103051	103250	1	1	0	1
1	103101	103300	1	1	1	1
1	103151	103350	1	1	1	1
1	103201	103400	1	1	1	1
1	103251	103450	1	1	1	1
1	103301	103500	1	0	0	1
1	103351	103550	1	1	0	1
1	103401	103600	1	1	1	1
1	103451	103650	1	1	1	1
1	103501	103700	1	1	1	1
1	103551	103750	1	0	1	1
1	103601	103800	1	0	1	1
1	103651	103850	0	0	1	1
1	103701	103900	0	0	1	1
1	103751	103950	0	1	1	1
1	103801	104000	0	1	1	1
1	103951	104150	0	1	1	1
1	104051	104250	0	1	1	1
1	104101	104300	0	0	1	1
1	104151	104350	1	0	0	1
1	104201	104400	1	1	0	1
1	104251	104450	1	1	1	0
1	104301	104500	1	1	1	0
1	104401	104600	1	1	1	0
1	104601	104800	0	1	1	1
1	104651	104850	0	1	1	1
1	104701	104900	0	1	1	1
1	104751	104950	0	1	1	1
1	104801	105000	0	1	0	1
1	104851	105050	0	1	0	1
1	104901	105100	1	1	0	1
1	104951	105150	1	1	0	1
1	105001	105200	1	0	1	1
1	105051	105250	1	1	1	1
1	105101	105300	1	1	1	1
1	105151	105350	0	1	1	1
1	105201	105400	0	1	1	1
1	105251	105450	0	1	1	1
1	105301	105500	0	0	1	1
1	105651	105850	0	1	1	1
1	105701	105900	0	1	1	1
1	105751	105950	0	1	1	1
1	105801	106000	0	1	1	1
1	105851	106050	1	1	1	1
1	105901	106100	0	1	0	0
1	105951	106150	0	1	0	1
1	106001	106200	0	1	1	1
1	106051	106250	0	1	1	1
1	106101	106300	1	0	1	1
1	106151	106350	1	0	1	1
1	106201	106400	1	0	1	1
1	106251	106450	1	0	0	1
1	106301	106500	1	1	0	1
1	106351	106550	1	1	0	1
1	106401	106600	1	1	0	1
1	106451	106650	1	1	0	1
1	106501	106700	1	1	0	1
1	106551	106750	1	1	0	1
1	106601	106800	1	1	0	1
1	106651	106850	1	1	0	1
1	106701	106900	1	1	0	1
1	106751	106950	1	1	1	1
1	106801	107000	1	1	1	1
1	107001	107200	1	1	1	1
1	107051	107250	1	1	1	1
1	107101	107300	1	0	1	1
1	107151	107350	0	1	1	1
1	107201	107400	0	1	1	1
1	107251	107450	0	1	1	1
1	107301	107500	0	1	1	1
1	107351	107550	0	0	1	1
1	107401	107600	0	0	1	1
1	107451	107650	0	0	1	1
1	107501	107700	0	0	1	1
1	107551	107750	0	0	1	0
1	107601	107800	1	0	1	0
1	107651	107850	1	0	1	0
1	107701	107900	1	1	0	0
1	107751	107950	1	1	0	0
1	107801	108000	1	1	0	1
1	108051	108250	1	0	1	1
1	108101	108300	1	1	1	1
1	108151	108350	1	1	1	1
1	108201	108400	1	1	1	1
1	108251	108450	1	1	0	1
1	108301	108500	1	1	1	1
1	108351	108550	1	0	1	1
1	108401	108600	1	1	1	1
1	108451	108650	1	1	0	1
1	108501	108700	1	1	1	1
1	108551	108750	0	1	1	1
1	108601	108800	1	0	1	1
1	108651	108850	1	0	1	1
1	108701	108900	1	0	0	1
1	108751	108950	1	0	0	1
1	108801	109000	1	0	1	1
1	108851	109050	1	0	1	0
1	108901	109100	1	0	1	0
1	108951	109150	1	1	1	0
1	109001	109200	1	1	1	0
1	109051	109250	0	1	1	1
1	109101	109300	0	1	1	0
1	109151	109350	0	1	1	1
1	109201	109400	0	1	1	1
1	109251	109450	0	1	1	1
1	109301	109500	0	1	1	1
1	109351	109550	0	1	1	0
1	109401	109600	1	1	1	0
1	109451	109650	1	0	1	0
1	109501	109700	1	0	1	0
1	109551	109750	1	0	1	0
1	109601	109800	0	0	0	0
1	109651	109850	0	0	0	1
1	109701	109900	0	0	0	1
1	109751	109950	0	0	0	1
1	109801	110000	1	1	0	1
1	109851	110050	1	1	0	1
1	109901	110100	1	1	0	1
1	109951	110150	1	1	0	1
1	110001	110200	1	1	0	1
1	110051	110250	1	0	0	1
1	110101	110300	1	0	0	1
1	110151	110350	1	0	0	0
1	110201	110400	1	0	0	1
1	110251	110450	1	1	0	0
1	110301	110500	1	1	1	1
1	110351	110550	1	1	1	0
1	110401	110600	1	1	1	1
1	110451	110650	1	1	0	1
1	110501	110700	1	1	1	0
1	110551	110750	1	1	0	0
1	110601	110800	1	0	0	0
1	110651	110850	1	1	1	1
1	110701	110900	1	1	0	1
1	110751	110950	1	1	0	0
1	110801	111000	0	1	1	0
1	110851	111050	0	1	1	0
1	110901	111100	0	1	1	0
1	110951	111150	1	1	1	1
1	111001	111200	1	1	1	1
1	111051	111250	1	1	1	1
1	111101	111300	1	0	1	1
1	111151	111350	1	1	1	0
1	111201	111400	0	0	1	0
1	111251	111450	0	1	1	1
1	111301	111500	1	1	1	1
1	111351	111550	1	0	1	0
1	111401	111600	1	0	1	0
1	111451	111650	1	0	1	1
1	111501	111700	1	0	1	0
1	111551	111750	0	1	1	1
1	111601	111800	0	1	1	1
1	111651	111850	0	1	1	1
1	111701	111900	0	1	1	1
1	111751	111950	0	1	1	1
1	111801	112000	0	1	1	0
1	111851	112050	1	1	0	0
1	111901	112100	1	0	0	0
1	111951	112150	1	1	0	0
1	112001	112200	1	1	0	1
1	112051	112250	1	1	0	1
1	112101	112300	1	1	1	1
1	112151	112350	0	1	0	1
1	112201	112400	0	0	0	1
1	112251	112450	0	1	0	1
1	112301	112500	1	0	0	1
1	112351	112550	1	1	1	1
1	112401	112600	0	1	1	1
1	112451	112650	1	0	1	1
1	112501	112700	1	1	1	1
1	112551	112750	1	0	1	1
1	112601	112800	1	0	1	1
1	112651	112850	1	1	0	1
1	112701	112900	1	1	1	1
1	112751	112950	1	1	1	1
1	112801	113000	1	1	1	1
1	112851	113050	1	1	1	1
1	112901	113100	1	0	1	0
1	112951	113150	1	0	1	1
1	113001	113200	1	0	1	1
1	113051	113250	1	1	1	1
1	113101	113300	1	1	1	1
1	113301	113500	1	1	1	1
1	113351	113550	1	1	1	1
1	113401	113600	1	1	1	1
1	113451	113650	1	1	1	1
1	113501	113700	1	0	1	1
1	113551	113750	1	1	1	1
1	113601	113800	1	1	0	1
1	113651	113850	1	1	0	0
1	113701	113900	1	1	0	0
1	113751	113950	0	1	0	1
1	113801	114000	1	1	1	1
1	113851	114050	1	1	1	1
1	113901	114100	1	1	1	1
1	113951	114150	1	0	1	0
1	114001	114200	1	0	1	0
1	114101	114300	1	0	1	1
1	114151	114350	1	0	1	1
1	114251	114450	1	0	1	1
1	114351	114550	0	0	1	0
1	114401	114600	0	0	1	1
1	114451	114650	1	1	1	1
1	114501	114700	1	1	1	1
1	114551	114750	1	1	1	1
1	114601	114800	1	1	1	1
1	114651	114850	1	0	1	1
1	114701	114900	1	1	1	1
1	114751	114950	1	1	1	0
1	114801	115000	0	1	1	0
1	114851	115050	0	1	0	0
1	114901	115100	1	1	0	0
1	114951	115150	1	0	0	0
1	115001	115200	1	0	0	0
1	115051	115250	1	0	0	1
1	115101	115300	0	1	0	1
1	115151	115350	0	1	0	1
1	115201	115400	0	1	1	1
1	115251	115450	0	1	1	1
1	115301	115500	0	1	0	1
1	115351	115550	0	1	1	1
1	115401	115600	1	1	1	1
1	115451	115650	1	1	0	1
1	115501	115700	1	1	0	1
1	115551	115750	1	1	0	0
1	115601	115800	0	1	0	0
1	115651	115850	0	1	0	1
1	115701	115900	0	1	1	1
1	115751	115950	0	1	1	1
1	115801	116000	0	1	1	0
1	115851	116050	1	1	1	1
1	115901	116100	1	1	0	1
1	115951	116150	1	1	1	1
1	116001	116200	1	0	0	1
1	116051	116250	1	1	0	0
1	116101	116300	1	1	0	0
1	116151	116350	1	1	1	1
1	116201	116400	1	1	1	0
1	116251	116450	1	1	1	1
1	116301	116500	1	1	1	1
1	116351	116550	1	1	1	0
1	116451	116650	0	1	1	1
1	116501	116700	0	0	1	1
1	116551	116750	1	0	1	1
1	116601	116800	1	1	1	0
1	116651	116850	1	1	1	0
1	116701	116900	1	0	1	0
1	116751	116950	1	0	1	0
1	116801	117000	1	0	0	0
1	116851	117050	1	0	0	1
1	116901	117100	1	0	0	1
1	116951	117150	0	1	0	0
1	117001	117200	0	0	1	0
1	117051	117250	0	1	1	0
1	117101	117300	1	0	1	0
1	117151	117350	1	0	1	1
1	117201	117400	1	0	1	1
1	117251	117450	1	1	1	1
1	117301	117500	1	1	1	1
1	117351	117550	1	1	1	1
1	117401	117600	1	1	1	1
1	117451	117650	1	0	1	1
1	117501	117700	1	0	1	1
1	117551	117750	1	1	1	1
1	117601	117800	1	1	1	1
1	117651	117850	1	1	1	1
1	117701	117900	1	1	1	0
1	117951	118150	1	0	0	1
1	118001	118200	1	0	1	1
1	118051	118250	0	0	1	1
1	118101	118300	0	0	1	1
1	118151	118350	0	0	1	1
1	118201	118400	1	1	1	0
1	118251	118450	1	1	1	0
1	118301	118500	1	1	1	0
1	118351	118550	1	1	1	0
1	118401	118600	1	1	1	0
1	118451	118650	1	1	0	1
1	118701	118900	1	1	1	1
1	118851	119050	1	1	1	1
1	118901	119100	1	0	1	0
1	118951	119150	1	1	1	1
1	119001	119200	1	1	1	1
1	119051	119250	1	0	1	1
1	119101	119300	1	0	1	1
1	119151	119350	1	0	1	1
1	119201	119400	1	0	1	1
1	119251	119450	1	1	0	1
1	119301	119500	1	1	1	1
1	119351	119550	1	1	0	1
1	119401	119600	1	1	0	1
1	119451	119650	1	1	1	1
1	119501	119700	1	1	1	1
1	119551	119750	1	1	1	1
1	119601	119800	1	1	1	1
1	119651	119850	1	1	1	1
1	119701	119900	1	1	1	1
1	119751	119950	1	1	1	1
1	119801	120000	1	1	1	1
1	119851	120050	1	1	1	1
1	119901	120100	0	1	0	1
1	119951	120150	1	1	0	1
1	120001	120200	1	1	0	1
1	120051	120250	0	1	0	1
1	120101	120300	1	1	0	1
1	120151	120350	1	0	1	1
1	120201	120400	1	0	0	1
1	120251	120450	0	0	1	1
1	120301	120500	0	0	1	1
1	120351	120550	0	1	1	0
1	120401	120600	0	1	1	1
1	120451	120650	0	1	1	0
1	120501	120700	0	1	1	0
1	120551	120750	1	1	1	1
1	120601	120800	1	1	1	1
1	120651	120850	1	1	1	1
1	120701	120900	1	0	1	1
1	120751	120950	0	1	1	1
1	120801	121000	0	1	0	0
1	120851	121050	1	1	0	1
1	120901	121100	1	1	0	1
1	120951	121150	1	1	0	1
1	121101	121300	1	1	1	0
1	121151	121350	1	1	1	0
1	121201	121400	0	1	1	0
1	121251	121450	1	1	1	0
1	121301	121500	1	1	0	0
1	121351	121550	1	1	1	1
1	121401	121600	1	1	1	0
1	121451	121650	1	1	1	0
1	121501	121700	1	1	1	0
1	121551	121750	0	0	1	0
1	121601	121800	0	1	1	1
1	121651	121850	0	1	0	1
1	121701	121900	0	1	0	1
1	121751	121950	0	0	0	1
1	121801	122000	1	1	0	1
1	121851	122050	1	1	0	1
1	121901	122100	1	0	1	1
1	121951	122150	1	0	1	1
1	122001	122200	1	0	1	1
1	122051	122250	1	0	1	1
1	122101	122300	1	0	1	1
1	122151	122350	1	0	0	1
1	122201	122400	0	1	0	1
1	122251	122450	0	1	0	1
1	122301	122500	0	1	1	1
1	122351	122550	0	0	1	1
1	122401	122600	1	0	1	1
1	122451	122650	1	1	1	1
1	122501	122700	0	1	1	1
1	122551	122750	0	1	1	1
1	122601	122800	0	1	1	1
1	122651	122850	0	1	1	1
1	122701	122900	1	1	1	1
1	122751	122950	1	1	1	1
1	122801	123000	1	1	0	1
1	122851	123050	1	1	1	1
1	122901	123100	1	1	1	1
1	122951	123150	1	1	0	1
1	123001	123200	1	1	0	1
1	123051	123250	1	1	1	1
1	123101	123300	1	1	1	1
1	123151	123350	1	1	1	1
1	123201	123400	1	1	1	1
1	123251	123450	1	1	0	1
1	123301	123500	1	1	0	1
1	123351	123550	1	1	1	1
1	123401	123600	1	1	1	1
1	123451	123650	1	1	1	1
1	123501	123700	0	1	1	0
1	123551	123750	1	1	1	0
1	123601	123800	1	1	1	0
1	123651	123850	1	1	1	0
1	123701	123900	1	1	1	1
1	123751	123950	1	1	1	1
1	123801	124000	1	0	1	1
1	123851	124050	0	0	1	1
1	123901	124100	1	1	1	0
1	123951	124150	1	1	1	0
1	124001	124200	1	1	1	0
1	124051	124250	1	1	1	1
1	124101	124300	1	1	1	1
1	124151	124350	1	1	1	1
1	124201	124400	1	1	1	1
1	124251	124450	1	0	1	1
1	124301	124500	1	1	0	1
1	124351	124550	1	1	0	1
1	124401	124600	1	1	0	1
1	124451	124650	1	1	0	1
1	124501	124700	0	1	1	1
1	124551	124750	0	1	1	0
1	124601	124800	1	1	1	1
1	124651	124850	1	1	1	1
1	124701	124900	1	1	1	1
1	124751	124950	0	1	1	1
1	124801	125000	1	1	1	1
1	124851	125050	1	1	0	1
1	124901	125100	1	1	0	1
1	124951	125150	1	1	0	1
1	125001	125200	0	1	0	1
1	125051	125250	0	1	1	1
1	125101	125300	0	0	0	1
1	125151	125350	1	0	0	1
1	125201	125400	1	1	1	1
1	125251	125450	1	0	1	1
1	125301	125500	1	0	1	1
1	125351	125550	1	0	1	1
1	125401	125600	1	0	1	1
1	125451	125650	1	1	1	1
1	125501	125700	0	1	1	1
1	125551	125750	1	1	1	1
1	125601	125800	1	1	0	1
1	125651	125850	1	1	0	1
1	125701	125900	1	1	1	0
1	125751	125950	1	0	1	0
1	125801	126000	1	1	1	0
1	125851	126050	1	1	1	0
1	125901	126100	1	1	1	1
1	125951	126150	1	1	1	1
1	126001	126200	1	1	1	1
1	126051	126250	1	1	1	1
1	126101	126300	1	1	1	1
1	126151	126350	1	1	1	1
1	126201	126400	1	1	1	1
1	126251	126450	1	1	1	1
1	126301	126500	1	1	1	1
1	126351	126550	1	0	1	1
1	126401	126600	1	0	1	1
1	126451	126650	1	1	0	1
1	126501	126700	1	1	0	1
1	126551	126750	1	1	0	1
1	126601	126800	1	1	0	1
1	126651	126850	0	1	1	1
1	126701	126900	0	1	0	1
1	126751	126950	1	1	1	1
1	126801	127000	1	1	1	1
1	126851	127050	1	1	1	0
1	126901	127100	1	1	1	0
1	126951	127150	1	1	1	0
1	127001	127200	1	1	1	0
1	127051	127250	1	1	1	0
1	127101	127300	1	1	0	0
1	127151	127350	0	0	0	0
1	127201	127400	0	0	0	0
1	127251	127450	1	0	0	0
1	127301	127500	1	0	0	1
1	127351	127550	1	1	1	1
1	127401	127600	1	0	1	1
1	127451	127650	1	0	1	1
1	127501	127700	1	0	1	1
1	127551	127750	1	0	1	1
1	127601	127800	1	0	1	1
1	127651	127850	1	1	1	1
1	127701	127900	1	1	0	1
1	127751	127950	1	1	0	1
1	127801	128000	1	1	0	0
1	127851	128050	1	1	0	1
1	127901	128100	1	1	1	1
1	127951	128150	1	1	1	1
1	128001	128200	1	1	1	0
1	128051	128250	1	1	1	0
1	128101	128300	0	1	1	1
1	128151	128350	0	0	1	1
1	128201	128400	0	1	1	1
1	128451	128650	1	1	0	0
1	128501	128700	1	0	0	1
1	128601	128800	1	1	1	1
1	128651	128850	1	1	1	1
1	128701	128900	1	1	1	1
1	128751	128950	1	1	1	1
1	128801	129000	1	0	1	1
1	128851	129050	0	0	1	1
1	128901	129100	1	0	0	1
1	128951	129150	1	0	1	1
1	129801	130000	1	1	1	1
1	129851	130050	1	1	1	1
1	129901	130100	1	1	1	1
1	129951	130150	1	1	1	1
1	130001	130200	1	1	1	1
1	130051	130250	1	1	1	1
1	130101	130300	1	1	1	1
1	130151	130350	1	1	1	1
1	130201	130400	0	1	0	0
1	130301	130500	0	1	0	1
1	130351	130550	0	1	0	1
1	130401	130600	1	1	0	1
1	130451	130650	0	1	1	1
1	130501	130700	1	1	1	1
1	130551	130750	1	1	1	0
1	130601	130800	0	1	1	1
1	130651	130850	1	1	1	0
1	130701	130900	1	1	1	0
1	130751	130950	1	1	1	0
1	130801	131000	1	1	0	0
1	130851	131050	0	1	0	1
1	130901	131100	1	1	0	1
1	130951	131150	1	1	0	1
1	131001	131200	1	1	1	1
1	131051	131250	1	1	1	1
1	131101	131300	1	1	1	1
1	131151	131350	1	1	1	1
1	131201	131400	0	1	1	1
1	131251	131450	0	1	0	0
1	131301	131500	1	1	1	0
1	131351	131550	1	1	1	0
1	131501	131700	1	1	1	1
1	131551	131750	1	1	1	1
1	131601	131800	1	0	1	1
1	131651	131850	1	0	0	1
1	131701	131900	1	0	0	1
1	131751	131950	1	0	1	1
1	131801	132000	1	0	1	1
1	131851	132050	1	0	1	1
1	131901	132100	1	0	1	1
1	131951	132150	1	1	1	0
1	132001	132200	1	1	1	1
1	132051	132250	1	1	1	1
1	132101	132300	1	1	1	1
1	132151	132350	1	1	0	1
1	132201	132400	1	0	0	0
1	132251	132450	1	0	1	0
1	132301	132500	1	0	1	1
1	132351	132550	1	1	1	1
1	132401	132600	0	1	1	1
1	132451	132650	0	1	1	1
1	132501	132700	1	1	1	1
1	132551	132750	1	1	1	1
1	132601	132800	1	1	0	1
1	132651	132850	1	1	1	0
1	132701	132900	0	1	0	0
1	132751	132950	0	1	1	0
1	132801	133000	1	1	0	0
1	132851	133050	1	1	0	0
1	132901	133100	1	1	1	0
1	132951	133150	1	1	1	0
1	133001	133200	0	1	1	1
1	133051	133250	0	0	1	1
1	133101	133300	0	0	1	1
1	133151	133350	0	1	1	1
1	133201	133400	0	0	1	1
1	133251	133450	0	1	1	1
1	133301	133500	0	1	0	1
1	133351	133550	0	0	1	1
1	133401	133600	0	0	1	1
1	133451	133650	0	0	1	1
1	133501	133700	0	0	1	1
1	133551	133750	1	1	1	1
1	133601	133800	1	1	1	1
1	133651	133850	1	1	1	1
1	133701	133900	1	1	1	1
1	133751	133950	1	1	1	1
1	133801	134000	1	0	1	1
1	133851	134050	1	0	0	1
1	133901	134100	1	0	1	1
1	133951	134150	1	0	0	1
1	134001	134200	1	0	1	1
1	134051	134250	1	0	0	1
1	134101	134300	1	0	0	1
1	134151	134350	0	1	0	0
1	134201	134400	1	1	0	1
1	134251	134450	1	1	0	1
1	134301	134500	1	1	0	1
1	134351	134550	1	1	0	1
1	134401	134600	1	1	0	1
1	134451	134650	1	1	0	1
1	134501	134700	1	1	0	1
1	134551	134750	1	0	1	1
1	134601	134800	1	0	1	1
1	134651	134850	1	0	1	1
1	134701	134900	1	0	1	1
1	134751	134950	1	1	0	1
1	134801	135000	1	0	0	1
1	134851	135050	0	1	1	1
1	134901	135100	1	1	1	1
1	134951	135150	1	1	1	1
1	135001	135200	1	1	1	1
1	135051	135250	1	1	1	1
1	135101	135300	1	1	1	1
1	135151	135350	1	1	1	1
1	135201	135400	1	1	1	0
1	135251	135450	1	1	1	0
1	135301	135500	0	1	0	1
1	135351	135550	1	1	0	0
1	135401	135600	0	0	1	1
1	135451	135650	0	0	1	1
1	135751	135950	1	1	1	1
1	135801	136000	1	1	1	1
1	135851	136050	1	0	1	1
1	135901	136100	1	0	0	1
1	135951	136150	1	0	0	1
1	136001	136200	1	0	0	1
1	136051	136250	1	1	0	1
1	136151	136350	0	1	0	1
1	136201	136400	0	1	1	1
1	136251	136450	0	1	1	0
1	136301	136500	0	1	1	0
1	136351	136550	0	1	1	0
1	136401	136600	0	0	1	0
1	136451	136650	0	1	0	0
1	136501	136700	1	1	0	0
1	136551	136750	0	1	0	1
1	136601	136800	0	1	0	1
1	136651	136850	0	1	0	1
1	136701	136900	0	1	0	1
1	136751	136950	0	1	0	0
1	136801	137000	0	1	1	0
1	136851	137050	0	1	1	1
1	136901	137100	1	1	1	1
1	136951	137150	1	1	1	1
1	137001	137200	1	1	1	1
1	137051	137250	1	1	1	1
1	137101	137300	1	1	1	1
1	137151	137350	1	0	1	1
1	137201	137400	1	1	1	1
1	137251	137450	1	1	1	0
1	137301	137500	1	1	1	0
1	137351	137550	1	1	1	0
1	137401	137600	1	1	1	0
1	137451	137650	1	1	1	0
1	137501	137700	1	1	1	1
1	137551	137750	1	1	1	1
1	137601	137800	1	1	1	1
1	137651	137850	1	1	1	1
1	137701	137900	1	1	1	1
1	137751	137950	1	1	0	1
1	137801	138000	1	1	0	1
1	137851	138050	1	1	1	1
1	137901	138100	0	1	1	1
1	137951	138150	0	1	1	1
1	138151	138350	1	1	1	1
1	138201	138400	1	1	1	1
1	138251	138450	1	1	1	1
1	138301	138500	0	1	1	1
1	138351	138550	1	1	1	1
1	138401	138600	1	1	1	1
1	138451	138650	1	1	1	1
1	138501	138700	1	0	1	1
1	138551	138750	1	0	1	1
1	138601	138800	1	1	1	0
1	138651	138850	1	1	1	0
1	138701	138900	1	1	1	0
1	138751	138950	1	1	1	0
1	138801	139000	1	1	0	1
1	138851	139050	1	1	0	1
1	138901	139100	1	1	0	1
1	138951	139150	1	1	0	1
1	139001	139200	1	1	0	0
1	139051	139250	1	0	0	1
1	139101	139300	1	0	0	1
1	139151	139350	1	0	1	1
1	139201	139400	1	0	1	1
1	139251	139450	1	1	1	1
1	139301	139500	1	1	1	1
1	139351	139550	1	1	1	1
1	139401	139600	0	1	1	1
1	139451	139650	0	0	1	1
1	139501	139700	1	1	1	1
1	139551	139750	1	0	1	1
1	139601	139800	1	0	0	0
1	139651	139850	1	0	1	0
1	139701	139900	1	0	0	1
1	139751	139950	1	1	0	0
1	139801	140000	1	0	1	0
1	139851	140050	1	1	1	0
1	139901	140100	1	1	1	0
1	139951	140150	1	1	1	0
1	140001	140200	1	1	1	1
1	140051	140250	0	1	1	0
1	140101	140300	0	0	1	0
1	140301	140500	1	1	0	0
1	140351	140550	1	1	0	1
1	140401	140600	1	1	0	0
1	140451	140650	1	1	0	1
1	140501	140700	0	1	0	1
1	140551	140750	0	1	1	0
1	140801	141000	1	1	1	1
1	140851	141050	1	1	1	0
1	140901	141100	1	1	0	0
1	140951	141150	1	1	0	0
1	141001	141200	1	1	0	1
1	141051	141250	1	1	0	1
1	141101	141300	1	1	1	1
1	141151	141350	1	0	1	1
1	141201	141400	1	0	1	1
1	141251	141450	1	1	1	1
1	141301	141500	1	0	1	1
1	141351	141550	1	0	0	0
1	141401	141600	1	0	1	0
1	141451	141650	0	0	0	0
1	141501	141700	0	1	0	0
1	141551	141750	0	1	0	1
1	141751	141950	1	1	0	0
1	141801	142000	1	1	0	0
1	141851	142050	1	1	0	0
1	141901	142100	1	1	1	0
1	141951	142150	1	1	0	0
1	142001	142200	1	1	0	1
1	142051	142250	0	1	0	1
1	142101	142300	0	1	0	0
1	142151	142350	0	1	0	0
1	142201	142400	0	1	1	0
1	142251	142450	0	1	0	0
1	142301	142500	0	1	0	1
1	142351	142550	1	1	0	1
1	142401	142600	1	1	0	1
1	142451	142650	1	0	1	0
1	142501	142700	1	0	1	1
1	142551	142750	1	0	1	1
1	142601	142800	1	1	1	1
1	142651	142850	0	1	1	1
1	142701	142900	0	1	1	1
1	142751	142950	0	1	1	1
1	142801	143000	0	1	1	0
1	142851	143050	1	0	1	0
1	142901	143100	1	0	1	0
1	142951	143150	1	0	1	1
1	143001	143200	1	0	1	1
1	143051	143250	1	0	1	1
1	143101	143300	1	1	1	1
1	143151	143350	1	1	1	1
1	143201	143400	1	1	1	1
1	143251	143450	0	0	1	1
1	143301	143500	1	1	1	1
1	143351	143550	1	1	1	1
1	143401	143600	0	1	1	1
1	143451	143650	0	1	0	1
1	143501	143700	0	0	0	1
1	143551	143750	0	1	0	1
1	143601	143800	0	0	0	1
1	143651	143850	0	0	1	1
1	143701	143900	1	0	1	1
1	143901	144100	1	0	0	1
1	143951	144150	1	0	0	1
1	144001	144200	1	1	0	1
1	144051	144250	1	1	1	1
1	144101	144300	1	1	1	1
1	144151	144350	1	1	1	1
1	144201	144400	1	1	1	0
1	144251	144450	1	1	0	1
1	144301	144500	0	1	0	1
1	144351	144550	0	1	0	1
1	144401	144600	1	1	1	1
1	144451	144650	1	0	1	1
1	144501	144700	1	0	1	1
1	144551	144750	1	0	1	1
1	144601	144800	0	0	1	1
1	144651	144850	0	0	1	1
1	144701	144900	0	0	1	0
1	144751	144950	1	0	1	1
1	144801	145000	1	1	0	1
1	144851	145050	1	1	0	1
1	144901	145100	1	1	0	1
1	144951	145150	1	1	0	0
1	145001	145200	1	1	0	0
1	145051	145250	0	1	0	0
1	145101	145300	0	1	0	1
1	145151	145350	1	0	0	1
1	145201	145400	1	1	0	1
1	145251	145450	1	1	0	1
1	145301	145500	1	1	0	1
1	145351	145550	1	1	0	1
1	145401	145600	1	0	0	1
1	145451	145650	1	0	1	1
1	145501	145700	1	0	1	1
1	145551	145750	1	0	1	1
1	145601	145800	1	1	1	1
1	145651	145850	1	1	1	1
1	145701	145900	0	0	0	0
1	145751	145950	0	0	0	1
1	145801	146000	1	0	0	1
1	145851	146050	1	0	0	1
1	145901	146100	1	0	0	1
1	145951	146150	1	0	0	1
1	146001	146200	0	0	0	1
1	146051	146250	0	0	0	1
1	146101	146300	1	0	0	1
1	146151	146350	0	0	0	1
1	146201	146400	0	0	0	1
1	146251	146450	0	0	1	0
1	146301	146500	0	0	1	0
1	146351	146550	1	0	1	0
1	146501	146700	1	1	0	0
1	146551	146750	1	1	1	1
1	146601	146800	1	1	1	1
1	146651	146850	1	1	1	1
1	146701	146900	1	1	1	1
1	146751	146950	1	1	1	1
1	146801	147000	1	1	1	0
1	146851	147050	1	1	1	1
1	146901	147100	0	1	1	0
1	146951	147150	0	1	1	1
1	147001	147200	0	1	1	1
1	147051	147250	0	1	1	1
1	147101	147300	1	1	1	1
1	147151	147350	0	1	0	0
1	147201	147400	1	1	0	0
1	147251	147450	0	1	0	1
1	147301	147500	0	1	1	1
1	147351	147550	1	1	1	1
1	147401	147600	1	1	0	1
1	147451	147650	1	1	0	1
1	147501	147700	0	0	0	1
1	147551	147750	1	0	1	1
1	147601	147800	1	0	0	1
1	147651	147850	1	0	1	0
1	147701	147900	1	1	0	1
1	147801	148000	1	1	1	1
1	147851	148050	0	1	1	1
1	147901	148100	0	1	1	1
1	147951	148150	0	1	1	1
1	148001	148200	0	1	1	1
1	148051	148250	1	1	1	0
1	148101	148300	1	1	1	0
1	148151	148350	0	0	1	0
1	148201	148400	1	1	1	0
1	148251	148450	1	0	1	1
1	148301	148500	1	0	1	0
1	148351	148550	1	1	1	0
1	148401	148600	1	0	1	0
1	148451	148650	1	1	1	0
1	148501	148700	1	1	1	1
1	148551	148750	1	1	1	1
1	148601	148800	1	1	1	1
1	148651	148850	1	1	1	1
1	148701	148900	1	1	1	1
1	148751	148950	0	1	1	1
1	148801	149000	1	1	1	0
1	148851	149050	1	1	1	0
1	148901	149100	1	1	1	0
1	148951	149150	1	1	1	0
1	149001	149200	1	0	1	0
1	149051	149250	1	0	1	0
1	149101	149300	1	0	1	1
1	149151	149350	1	1	1	1
1	149201	149400	1	1	1	1
1	149251	149450	1	1	1	1
1	149301	149500	1	1	1	1
1	149351	149550	1	0	1	0
1	149401	149600	0	0	1	0
1	149451	149650	1	0	1	1
1	149501	149700	0	0	1	1
1	149551	149750	0	0	0	1
1	149601	149800	1	0	0	1
1	149651	149850	1	0	1	1
1	149701	149900	0	0	1	1
1	149751	149950	0	0	1	1
1	149801	150000	1	0	1	1
1	149851	150050	1	0	0	0
1	149901	150100	1	0	0	0
1	149951	150150	1	0	0	0
1	150001	150200	0	1	1	0
1	150051	150250	0	0	1	0
1	150101	150300	0	0	1	0
1	150151	150350	0	0	1	0
1	150201	150400	1	0	1	0
1	150251	150450	1	0	0	1
1	150301	150500	1	0	1	1
1	150351	150550	1	0	1	1
1	150401	150600	1	0	1	1
1	150451	150650	1	0	1	1
1	150501	150700	1	1	1	0
1	150551	150750	1	1	1	1
1	150601	150800	0	1	1	0
1	150651	150850	0	1	1	0
1	150701	150900	0	0	1	1
1	150751	150950	0	0	1	0
1	150801	151000	0	0	1	0
1	150851	151050	0	0	1	0
1	150901	151100	0	0	1	0
1	150951	151150	1	0	1	0
1	151001	151200	0	0	1	1
1	151051	151250	0	0	0	1
1	151101	151300	0	0	0	1
1	151151	151350	0	1	0	1
1	151201	151400	0	0	0	1
1	151251	151450	0	1	0	0
1	151301	151500	0	0	0	0
1	151351	151550	0	0	0	0
1	151401	151600	0	0	0	1
1	151451	151650	0	0	0	1
1	151501	151700	1	1	1	1
1	151551	151750	1	1	1	0
1	151601	151800	1	1	1	0
1	151651	151850	1	1	1	0
1	151701	151900	0	1	1	0
1	151751	151950	0	1	1	0
1	151801	152000	1	1	1	0
1	151851	152050	1	1	1	0
1	151901	152100	1	1	1	0
1	151951	152150	1	1	1	1
1	152001	152200	0	1	1	1
1	152051	152250	0	1	1	1
1	152101	152300	0	0	1	1
1	152351	152550	1	1	0	1
1	152601	152800	0	1	0	0
1	152651	152850	0	1	0	0
1	152701	152900	0	1	1	1
1	152751	152950	1	0	1	1
1	152801	153000	1	1	1	0
1	152851	153050	1	1	1	0
1	152901	153100	1	1	1	1
1	152951	153150	1	1	1	1
1	153001	153200	1	1	1	1
1	153051	153250	1	1	1	1
1	153101	153300	1	1	1	1
1	153151	153350	1	1	0	1
1	153201	153400	1	1	0	1
1	153251	153450	1	1	0	1
1	153301	153500	1	1	1	1
1	153351	153550	1	1	1	1
1	153401	153600	1	1	1	1
1	153451	153650	0	1	0	0
1	153501	153700	0	1	0	0
1	153551	153750	0	0	0	0
1	153601	153800	0	0	0	0
1	153651	153850	0	1	0	0
1	153701	153900	1	1	0	1
1	153751	153950	1	1	1	0
1	153801	154000	1	1	0	1
1	153851	154050	1	1	1	1
1	153901	154100	1	1	0	1
1	153951	154150	1	1	0	1
1	154001	154200	0	1	0	1
1	154051	154250	1	1	0	1
1	154101	154300	1	1	0	1
1	154151	154350	0	1	0	1
1	154201	154400	0	0	1	1
1	154251	154450	0	1	1	1
1	154451	154650	0	0	1	1
1	154501	154700	1	1	1	1
1	154551	154750	1	1	1	1
1	154601	154800	1	1	1	0
1	154651	154850	1	1	1	1
1	154701	154900	0	0	1	0
1	154751	154950	0	1	1	0
1	154801	155000	0	1	0	0
1	154851	155050	1	1	1	0
1	154901	155100	0	1	0	1
1	154951	155150	0	1	0	0
1	155001	155200	0	0	0	0
1	155051	155250	1	0	0	0
1	155101	155300	1	0	0	0
1	155151	155350	1	0	0	1
1	155201	155400	1	1	0	1
1	155251	155450	0	1	1	1
1	155301	155500	1	0	1	1
1	155351	155550	0	0	1	0
1	155401	155600	1	0	0	0
1	155451	155650	1	0	1	1
1	155501	155700	1	1	0	1
1	155551	155750	1	1	0	1
1	155651	155850	0	1	1	1
1	155701	155900	0	1	1	1
1	155751	155950	1	1	1	1
1	155801	156000	1	1	1	1
1	155851	156050	0	1	1	1
1	155901	156100	0	1	1	1
1	155951	156150	0	1	1	1
1	156001	156200	1	1	1	1
1	156051	156250	1	1	1	1
1	156101	156300	1	1	0	1
1	156151	156350	1	1	1	1
1	156201	156400	0	1	1	1
1	156251	156450	0	0	1	1
1	156301	156500	1	0	0	1
1	156351	156550	0	0	0	1
1	156401	156600	0	1	0	1
1	156451	156650	1	1	0	1
1	156501	156700	1	1	0	1
1	156551	156750	1	1	1	1
1	156601	156800	1	1	1	1
1	156651	156850	1	1	0	1
1	156701	156900	1	1	0	1
1	156751	156950	1	0	0	0
1	156801	157000	1	0	0	1
1	156851	157050	1	0	1	1
1	156901	157100	0	0	1	1
1	156951	157150	0	0	1	1
1	157001	157200	0	1	1	1
1	157051	157250	0	1	0	0
1	157101	157300	0	1	0	0
1	157151	157350	0	1	1	0
1	157201	157400	0	1	1	0
1	157251	157450	0	1	1	0
1	157301	157500	0	1	1	0
1	157351	157550	0	0	1	1
1	157401	157600	0	1	1	1
1	157451	157650	0	1	1	0
1	157501	157700	0	1	1	1
1	157551	157750	1	1	1	0
1	157601	157800	1	1	1	0
1	157651	157850	1	1	1	0
1	157701	157900	1	1	1	1
1	157751	157950	1	0	1	1
1	157801	158000	1	0	1	1
1	157851	158050	1	0	1	1
1	157901	158100	1	0	1	1
1	157951	158150	1	0	1	1
1	158001	158200	1	0	1	1
1	158051	158250	1	1	1	1
1	158101	158300	1	1	1	1
1	158151	158350	1	1	1	1
1	158201	158400	1	1	1	1
1	158251	158450	0	1	1	1
1	158301	158500	0	1	1	1
1	158351	158550	0	0	1	1
1	158401	158600	0	0	1	1
1	158451	158650	0	0	1	1
1	158501	158700	1	1	1	0
1	158551	158750	1	1	0	0
1	158601	158800	1	0	0	0
1	158651	158850	1	0	0	0
1	158701	158900	1	0	0	1
1	158751	158950	0	0	0	1
1	158801	159000	0	1	1	1
1	158851	159050	1	1	1	1
1	158901	159100	1	1	1	1
1	158951	159150	1	1	1	0
1	159001	159200	1	1	1	1
1	159051	159250	1	1	1	0
1	159101	159300	1	1	1	0
1	159301	159500	1	0	1	1
1	159351	159550	0	0	1	1
1	159401	159600	1	1	0	1
1	159451	159650	1	0	0	1
1	159501	159700	1	1	0	1
1	159601	159800	1	1	1	1
1	159651	159850	1	1	1	1
1	159701	159900	1	1	1	1
1	159751	159950	1	1	1	1
1	159801	160000	1	1	1	1
1	159851	160050	1	1	1	1
1	159901	160100	1	1	1	1
1	159951	160150	0	1	0	1
1	160001	160200	1	1	0	1
1	160051	160250	1	1	0	1
1	160101	160300	1	1	0	1
1	160151	160350	1	1	0	1
1	160201	160400	1	1	1	1
1	160251	160450	1	1	1	1
1	160301	160500	1	1	1	1
1	160351	160550	1	1	1	1
1	160401	160600	1	1	1	1
1	160451	160650	0	1	1	1
1	160501	160700	0	1	1	1
1	160551	160750	0	1	1	1
1	160601	160800	0	1	1	1
1	160651	160850	0	1	1	1
1	160701	160900	0	1	1	1
1	160751	160950	0	1	1	0
1	160801	161000	1	1	1	0
1	160851	161050	0	1	1	0
1	160901	161100	1	1	1	0
1	160951	161150	1	1	1	0
1	161001	161200	1	1	0	1
1	161051	161250	1	1	0	1
1	161101	161300	1	1	1	1
1	161151	161350	1	1	1	1
1	161201	161400	1	1	1	1
1	161251	161450	1	1	1	1
1	161301	161500	1	1	1	1
1	161351	161550	1	1	0	1
1	161401	161600	1	0	0	1
1	161451	161650	1	0	0	1
1	161501	161700	1	1	0	1
1	161551	161750	0	1	1	1
1	161601	161800	0	1	1	1
1	161651	161850	0	1	0	1
1	161701	161900	1	1	0	1
1	161751	161950	1	0	0	1
1	161801	162000	1	1	0	1
1	161851	162050	1	1	1	1
1	161901	162100	1	1	0	0
1	161951	162150	1	1	0	0
1	162001	162200	0	0	0	0
1	162051	162250	1	0	0	0
1	162101	162300	0	0	1	0
1	162151	162350	0	0	1	0
1	162201	162400	0	1	1	1
1	162251	162450	1	1	0	1
1	162301	162500	0	1	0	1
1	162351	162550	0	1	0	1
1	162401	162600	0	1	0	0
1	162451	162650	0	1	1	1
1	162501	162700	0	1	1	1
1	162551	162750	0	1	1	0
1	162601	162800	0	1	1	0
1	162651	162850	0	0	1	0
1	162701	162900	1	1	1	0
1	162751	162950	1	1	0	0
1	162801	163000	1	1	0	1
1	162851	163050	1	1	0	1
1	162901	163100	0	1	1	0
1	162951	163150	0	1	1	0
1	163001	163200	0	1	1	0
1	163051	163250	0	1	1	0
1	163101	163300	0	0	1	0
1	163151	163350	0	0	1	0
1	163201	163400	0	0	0	0
1	163251	163450	1	0	0	0
1	163301	163500	1	1	0	1
1	163351	163550	0	0	0	1
1	163401	163600	0	0	0	1
1	163451	163650	0	1	0	1
1	163501	163700	0	1	0	1
1	163551	163750	1	1	0	1
1	163601	163800	0	1	1	1
1	163651	163850	0	0	0	1
1	163701	163900	0	0	1	0
1	163751	163950	0	1	1	0
1	163801	164000	1	1	1	0
1	163851	164050	1	1	1	0
1	163901	164100	1	1	1	1
1	163951	164150	1	1	1	1
1	164001	164200	1	1	1	0
1	164051	164250	1	1	1	0
1	164101	164300	1	1	1	0
1	164151	164350	1	1	1	0
1	164201	164400	1	1	1	1
1	164251	164450	1	1	1	1
1	164301	164500	1	1	1	1
1	164351	164550	1	1	1	1
1	164401	164600	1	1	0	1
1	164451	164650	1	0	1	0
1	164501	164700	1	0	1	0
1	164551	164750	1	0	1	0
1	164601	164800	1	1	1	0
1	164651	164850	0	1	0	1
1	164701	164900	1	1	0	1
1	164751	164950	0	1	0	1
1	164801	165000	0	1	0	1
1	164851	165050	1	0	1	1
1	164901	165100	0	0	0	1
1	164951	165150	0	0	0	1
1	165001	165200	0	0	1	1
1	165051	165250	0	0	0	1
1	165101	165300	0	1	0	1
1	165151	165350	1	1	0	1
1	165201	165400	1	1	0	1
1	165251	165450	0	1	1	1
1	165301	165500	0	1	0	1
1	165351	165550	0	1	0	0
1	165401	165600	0	1	1	1
1	165451	165650	1	1	1	1
1	165501	165700	1	1	1	1
1	165551	165750	1	1	1	1
1	165601	165800	1	1	0	1
1	165651	165850	1	1	1	1
1	165701	165900	0	1	1	1
1	165751	165950	1	1	1	0
1	165801	166000	1	1	1	0
1	165851	166050	1	1	1	0
1	165901	166100	1	1	1	0
1	165951	166150	1	1	1	0
1	166001	166200	1	0	1	1
1	166051	166250	1	0	1	1
1	166101	166300	1	0	1	1
1	166151	166350	1	0	1	1
1	166201	166400	1	1	0	1
1	166301	166500	1	0	0	1
1	166351	166550	1	0	0	1
1	166401	166600	1	0	1	1
1	166451	166650	1	0	0	1
1	166501	166700	1	0	1	1
1	166551	166750	1	1	1	1
1	166601	166800	1	1	1	1
1	166651	166850	1	1	1	1
1	166701	166900	1	1	1	1
1	166751	166950	1	1	1	1
1	166801	167000	1	1	1	1
1	166851	167050	1	1	0	1
1	166901	167100	1	1	0	0
1	166951	167150	1	1	0	1
1	167001	167200	1	1	0	1
1	167051	167250	1	1	1	1
1	167101	167300	1	1	1	1
1	167151	167350	1	1	1	1
1	167201	167400	1	0	1	1
1	167251	167450	1	1	1	1
1	167451	167650	1	1	1	1
1	167501	167700	1	1	1	1
1	167551	167750	1	1	1	1
1	167601	167800	0	1	1	1
1	167651	167850	0	1	1	1
1	167701	167900	0	1	0	0
1	167751	167950	0	1	0	1
1	167801	168000	0	1	0	1
1	167851	168050	0	1	0	1
1	167901	168100	0	1	0	1
1	167951	168150	0	0	1	0
1	168001	168200	1	0	0	1
1	168051	168250	1	0	0	1
1	168101	168300	1	1	0	1
1	168151	168350	1	1	0	1
1	168201	168400	0	1	0	1
1	168251	168450	0	1	1	1
1	168301	168500	1	0	1	1
1	168351	168550	0	0	0	1
1	168401	168600	1	0	1	1
1	168451	168650	0	0	1	1
1	168501	168700	0	1	1	1
1	168601	168800	0	1	0	1
1	168651	168850	0	1	1	1
1	168701	168900	0	1	1	1
1	168751	168950	0	1	1	1
1	168801	169000	0	0	1	0
1	168851	169050	0	0	1	1
1	168901	169100	0	0	1	1
1	168951	169150	1	1	0	1
1	169001	169200	1	1	1	1
1	169051	169250	1	1	1	1
1	169101	169300	1	1	1	1
1	169151	169350	1	1	1	0
1	169201	169400	1	1	1	0
1	169251	169450	1	1	1	0
1	169301	169500	1	1	0	1
1	169351	169550	1	1	0	1
1	169401	169600	0	1	0	0
1	169451	169650	0	0	1	1
1	169501	169700	0	0	0	1
1	169551	169750	0	0	0	1
1	169601	169800	0	0	0	1
1	169651	169850	0	0	0	1
1	169701	169900	1	1	1	0
1	169751	169950	1	0	1	0
1	169801	170000	1	1	1	0
1	169851	170050	1	0	1	0
1	169901	170100	1	0	1	0
1	169951	170150	1	1	1	0
1	170001	170200	1	0	1	1
1	170051	170250	1	0	1	1
1	170101	170300	1	0	1	1
1	170151	170350	1	0	0	1
1	170201	170400	1	0	1	1
1	170251	170450	0	0	0	1
1	170301	170500	0	1	0	1
1	170351	170550	0	1	1	0
1	170401	170600	0	1	0	1
1	170451	170650	1	1	0	1
1	170501	170700	1	0	1	1
1	170551	170750	1	0	1	1
1	170601	170800	1	0	1	0
1	170651	170850	1	0	1	0
1	170701	170900	1	0	1	0
1	170751	170950	1	0	0	1
1	170801	171000	1	0	0	1
1	170851	171050	1	0	0	1
1	170901	171100	0	0	0	1
1	170951	171150	0	0	0	1
1	171001	171200	0	0	0	0
1	171051	171250	0	0	1	0
1	171101	171300	0	1	1	0
1	171151	171350	0	1	1	0
1	171201	171400	1	1	1	0
1	171251	171450	1	1	1	0
1	171301	171500	1	0	1	0
1	171351	171550	1	1	0	0
1	171401	171600	1	1	1	1
1	171451	171650	1	1	1	1
1	171501	171700	1	1	1	1
1	171551	171750	1	1	1	1
1	171651	171850	1	1	0	0
1	171701	171900	1	1	0	0
1	171751	171950	0	1	0	0
1	171801	172000	0	1	0	0
1	172001	172200	1	1	1	1
1	172051	172250	1	1	1	1
1	172101	172300	1	1	0	1
1	172151	172350	1	1	0	1
1	172201	172400	1	1	0	0
1	172251	172450	1	1	1	0
1	172301	172500	1	1	1	0
1	172351	172550	1	1	1	0
1	172401	172600	1	1	1	1
1	172451	172650	1	0	0	1
1	172501	172700	1	0	0	1
1	172551	172750	1	0	0	1
1	172601	172800	1	1	0	1
1	172651	172850	1	1	1	1
1	172701	172900	1	1	1	1
1	172751	172950	1	1	1	1
1	172801	173000	1	0	1	0
1	172851	173050	1	0	0	1
1	172901	173100	1	0	0	1
1	172951	173150	1	0	0	1
1	173001	173200	1	0	0	1
1	173101	173300	1	1	0	0
1	173151	173350	1	1	1	0
1	173201	173400	1	1	0	0
1	173251	173450	1	1	1	0
1	173301	173500	1	1	1	1
1	173351	173550	1	1	1	1
1	173401	173600	1	1	1	1
1	173451	173650	1	0	1	1
1	173501	173700	1	0	0	1
1	173551	173750	1	0	1	1
1	173601	173800	1	1	1	0
1	173651	173850	1	1	1	0
1	173701	173900	1	1	1	0
1	173751	173950	0	1	1	0
1	174101	174300	1	0	1	1
1	174151	174350	1	1	1	1
1	174201	174400	1	1	1	1
1	174251	174450	0	1	1	1
1	174301	174500	0	1	0	0
1	174351	174550	0	1	0	0
1	174401	174600	0	1	0	1
1	174451	174650	0	1	1	1
1	174501	174700	0	1	1	1
1	174551	174750	0	1	1	1
1	174601	174800	0	1	1	1
1	174651	174850	0	1	0	1
1	174701	174900	1	0	0	1
1	174751	174950	1	0	0	1
1	174801	175000	1	0	0	0
1	174851	175050	0	0	0	0
1	174901	175100	1	1	1	0
1	174951	175150	1	1	1	1
1	175001	175200	0	1	1	1
1	175051	175250	0	1	0	1
1	175101	175300	0	1	0	1
1	175151	175350	1	1	0	1
1	175201	175400	1	1	0	1
1	175251	175450	1	1	0	1
1	175301	175500	1	0	1	1
1	175351	175550	1	0	1	1
1	175401	175600	1	0	1	1
1	175451	175650	1	0	1	1
1	175501	175700	1	0	1	0
1	175551	175750	1	0	0	0
1	175601	175800	1	0	1	1
1	175651	175850	1	1	1	1
1	175701	175900	1	1	1	1
1	175751	175950	1	1	1	1
1	175801	176000	1	1	0	1
1	175851	176050	1	1	0	1
1	175901	176100	1	1	1	1
1	175951	176150	1	1	0	1
1	176001	176200	1	1	1	1
1	176051	176250	1	1	1	1
1	176101	176300	1	1	1	1
1	176151	176350	1	1	1	1
1	176201	176400	1	1	0	1
1	176251	176450	1	1	0	1
1	176451	176650	0	0	1	0
1	176501	176700	0	0	1	0
1	176551	176750	0	0	1	0
1	176601	176800	0	0	1	0
1	176651	176850	0	0	1	0
1	176701	176900	0	1	1	1
1	176751	176950	1	0	1	1
1	176801	177000	0	0	1	1
1	176851	177050	0	0	1	1
1	176901	177100	0	0	1	1
1	176951	177150	0	0	1	1
1	177001	177200	0	0	1	1
1	177051	177250	1	0	1	1
1	177101	177300	1	1	1	1
1	177151	177350	1	1	1	1
1	177201	177400	1	1	1	1
1	177251	177450	1	1	0	1
1	177301	177500	1	0	1	0
1	177351	177550	1	0	1	0
1	177401	177600	1	0	1	0
1	177451	177650	0	0	1	0
1	177501	177700	0	0	1	1
1	177551	177750	0	1	1	0
1	177601	177800	0	1	0	0
1	177651	177850	1	1	0	0
1	177701	177900	1	1	1	0
1	177751	177950	1	1	1	0
1	177801	178000	1	1	1	0
1	177851	178050	1	1	1	1
1	177901	178100	1	1	0	1
1	177951	178150	1	1	1	1
1	178001	178200	1	1	1	0
1	178051	178250	1	1	1	1
1	178101	178300	1	1	1	1
1	178151	178350	0	1	0	1
1	178201	178400	0	1	1	1
1	178251	178450	0	1	1	1
1	178301	178500	0	1	1	1
1	178351	178550	0	1	1	1
1	178401	178600	1	0	1	1
1	178451	178650	0	0	1	1
1	178501	178700	0	0	1	1
1	178551	178750	0	1	1	1
1	178601	178800	0	1	1	1
1	178651	178850	1	1	1	1
1	178701	178900	0	0	1	1
1	178751	178950	0	0	1	1
1	178801	179000	0	0	1	1
1	178851	179050	0	0	1	1
1	178901	179100	0	1	1	1
1	178951	179150	1	1	1	1
1	179101	179300	0	1	0	1
1	179151	179350	0	1	1	0
1	179201	179400	1	1	1	0
1	179251	179450	1	1	1	1
1	179301	179500	1	1	1	1
1	179351	179550	1	1	1	1
1	179401	179600	1	1	1	1
1	179451	179650	1	1	1	0
1	179601	179800	0	1	0	1
1	179651	179850	0	1	1	1
1	179701	179900	0	1	1	1
1	179751	179950	1	1	1	1
1	179801	180000	1	1	1	0
1	179851	180050	1	1	1	1
1	179901	180100	1	1	0	0
1	179951	180150	1	1	1	1
1	180001	180200	1	1	1	1
1	180051	180250	1	1	1	0
1	180151	180350	1	0	1	0
1	180201	180400	1	1	1	0
1	180251	180450	1	1	1	1
1	180301	180500	0	1	1	0
1	180351	180550	0	0	1	0
1	180401	180600	0	0	1	0
1	180451	180650	0	0	1	0
1	180501	180700	1	0	1	0
1	180551	180750	0	0	1	1
1	180601	180800	0	0	1	1
1	180651	180850	0	1	0	1
1	180701	180900	0	1	0	1
1	180751	180950	1	1	1	0
1	180801	181000	0	1	1	0
1	180851	181050	1	0	1	0
1	180901	181100	1	0	1	0
1	180951	181150	1	1	0	0
1	181001	181200	1	1	0	0
1	181101	181300	1	1	0	1
1	181151	181350	1	1	0	1
1	181201	181400	1	1	0	0
1	181251	181450	1	1	0	1
1	181301	181500	1	1	0	1
1	181351	181550	1	1	0	1
1	181401	181600	1	1	0	1
1	181451	181650	1	1	0	1
1	181501	181700	1	0	0	1
1	181551	181750	1	0	1	1
1	181601	181800	0	0	1	1
1	181651	181850	0	1	1	1
1	181701	181900	1	1	1	1
1	181751	181950	1	1	1	1
1	181801	182000	1	1	1	1
1	181851	182050	1	1	1	1
1	181901	182100	0	0	1	1
1	181951	182150	0	0	0	1
1	182001	182200	0	0	0	0
1	182051	182250	0	0	0	0
1	182101	182300	0	1	1	0
1	182151	182350	1	1	1	1
1	182201	182400	0	1	1	1
1	182251	182450	1	1	1	1
1	182301	182500	1	1	1	1
1	182351	182550	1	0	1	1
1	182401	182600	1	0	1	1
1	182451	182650	1	0	1	1
1	182501	182700	1	0	1	0
1	182551	182750	0	1	1	0
1	182601	182800	0	1	0	0
1	182651	182850	0	1	0	0
1	183051	183250	1	0	0	1
1	183101	183300	0	0	1	1
1	183151	183350	0	1	1	1
1	183201	183400	1	1	1	0
1	183251	183450	1	0	1	0
1	183301	183500	1	1	1	0
1	183351	183550	1	1	1	0
1	183401	183600	1	1	1	1
1	183451	183650	1	1	0	1
1	183501	183700	1	1	0	1
1	183551	183750	0	0	0	1
1	183601	183800	0	1	1	1
1	183651	183850	0	1	1	1
1	183701	183900	0	1	1	1
1	183801	184000	0	1	1	1
1	183851	184050	1	0	1	0
1	183901	184100	1	0	1	0
1	183951	184150	1	0	1	0
1	184151	184350	1	1	1	1
1	184201	184400	1	1	1	1
1	184251	184450	1	1	1	1
1	184301	184500	1	0	1	1
1	184351	184550	1	1	1	1
1	184401	184600	1	1	1	0
1	184451	184650	0	1	1	0
1	184501	184700	0	1	1	0
1	184551	184750	0	1	1	1
1	184651	184850	1	1	1	1
1	184701	184900	1	1	1	1
1	184751	184950	1	1	1	1
1	184801	185000	1	1	1	1
1	184851	185050	0	1	1	0
1	184901	185100	1	1	0	0
1	184951	185150	1	1	0	0
1	185001	185200	1	0	0	0
1	185051	185250	1	0	0	0
1	185101	185300	1	0	0	0
1	185151	185350	1	0	0	0
1	185201	185400	1	0	0	0
1	185251	185450	1	0	0	1
1	185301	185500	1	0	0	0
1	185351	185550	1	1	1	0
1	185401	185600	1	1	1	0
1	185501	185700	1	1	1	0
1	185551	185750	1	0	1	1
1	185601	185800	1	0	1	0
1	185651	185850	1	1	1	0
1	185701	185900	1	1	1	0
1	185751	185950	1	1	1	0
1	185801	186000	1	1	1	0
1	185851	186050	1	0	1	1
1	185901	186100	0	0	1	1
1	185951	186150	0	0	1	1
1	186001	186200	1	0	0	1
1	186051	186250	1	0	0	0
1	186101	186300	1	1	1	0
1	186151	186350	1	1	1	0
1	186201	186400	1	1	1	0
1	186251	186450	1	1	1	1
1	186301	186500	1	1	1	1
1	186351	186550	1	1	1	1
1	186401	186600	1	1	0	1
1	186451	186650	1	1	0	1
1	186501	186700	1	0	0	0
1	186551	186750	1	1	0	0
1	186601	186800	1	0	0	0
1	186651	186850	1	1	1	0
1	186701	186900	1	1	1	0
1	186751	186950	1	1	1	0
1	186801	187000	1	1	1	1
1	186851	187050	1	1	1	1
1	186901	187100	0	1	1	1
1	186951	187150	0	0	1	1
1	187001	187200	0	0	1	1
1	187051	187250	0	1	1	1
1	187101	187300	0	1	1	1
1	187151	187350	0	1	0	1
1	187201	187400	0	1	0	1
1	187251	187450	1	0	1	1
1	187301	187500	1	0	1	1
1	187351	187550	1	1	1	1
1	187401	187600	1	1	1	1
1	187451	187650	1	1	0	1
1	187501	187700	0	1	1	1
1	187551	187750	1	0	1	0
1	187601	187800	1	0	1	0
1	187651	187850	1	0	1	0
1	187701	187900	1	0	1	0
1	187751	187950	1	1	0	1
1	187801	188000	1	0	0	1
1	187851	188050	1	0	1	0
1	187901	188100	0	0	1	0
1	187951	188150	0	0	1	0
1	188001	188200	0	0	0	0
1	188051	188250	0	1	0	1
1	188101	188300	0	1	0	1
1	188151	188350	0	1	0	0
1	188201	188400	1	1	0	0
1	188251	188450	1	1	0	1
1	188301	188500	1	1	0	0
1	188351	188550	0	1	0	0
1	188401	188600	0	1	0	1
1	188451	188650	0	1	0	1
1	188501	188700	0	1	1	1
1	188551	188750	0	1	1	1
1	188601	188800	0	1	1	1
1	188651	188850	0	1	1	1
1	188701	188900	0	1	1	1
1	188751	188950	1	1	0	0
1	188801	189000	0	1	0	0
1	188851	189050	0	1	0	0
1	188901	189100	0	1	0	0
1	188951	189150	1	1	0	0
1	189001	189200	1	1	1	0
1	189051	189250	1	1	1	0
1	189101	189300	1	0	1	1
1	189151	189350	1	0	1	1
1	189201	189400	1	0	1	1
1	189251	189450	1	1	1	1
1	189301	189500	1	1	1	1
1	189351	189550	1	1	1	1
1	189401	189600	1	1	1	1
1	189451	189650	1	1	1	1
1	189501	189700	1	1	0	1
1	189551	189750	1	0	0	1
1	189601	189800	1	1	0	1
1	189651	189850	0	1	0	1
1	189701	189900	0	1	0	1
1	189751	189950	0	1	1	1
1	189801	190000	1	1	1	1
1	189851	190050	1	1	1	1
1	189901	190100	1	1	0	0
1	189951	190150	1	1	0	0
1	190001	190200	1	1	1	0
1	190051	190250	1	1	1	0
1	190101	190300	1	1	1	1
1	190151	190350	1	1	1	1
1	190201	190400	1	1	1	1
1	190251	190450	1	1	1	1
1	190301	190500	1	1	1	1
1	190351	190550	1	1	1	0
1	190401	190600	1	0	1	0
1	190451	190650	1	0	1	0
1	190501	190700	1	0	0	0
1	190551	190750	1	0	0	0
1	190601	190800	1	1	0	0
1	190651	190850	1	0	0	0
1	190701	190900	1	0	0	0
1	190751	190950	1	0	0	0
1	190801	191000	1	0	0	0
1	190851	191050	1	0	0	1
1	190901	191100	1	0	0	0
1	190951	191150	1	0	1	0
1	191001	191200	1	0	1	1
1	191051	191250	1	0	1	1
1	191101	191300	1	0	1	1
1	191151	191350	1	0	1	1
1	191201	191400	1	1	1	1
1	191251	191450	1	1	1	1
1	191301	191500	1	1	1	1
1	191351	191550	1	1	1	1
1	191401	191600	1	1	1	1
1	191451	191650	0	1	0	0
1	191501	191700	0	0	0	0
1	191551	191750	0	0	1	0
1	191601	191800	0	1	1	0
1	191651	191850	1	0	1	0
1	191701	191900	1	0	1	0
1	191751	191950	1	0	0	1
1	191801	192000	1	0	0	1
1	191851	192050	1	1	0	1
1	191901	192100	1	1	0	1
1	192001	192200	1	0	1	1
1	192051	192250	0	0	1	1
1	192101	192300	1	0	1	1
1	192151	192350	1	0	1	1
1	192201	192400	1	1	1	0
1	192251	192450	1	0	1	1
1	192301	192500	1	0	1	1
1	192351	192550	1	0	1	1
1	192401	192600	1	0	1	0
1	192451	192650	1	0	1	0
1	192501	192700	0	1	1	1
1	192551	192750	0	1	0	1
1	192601	192800	0	1	0	1
1	192651	192850	1	1	0	1
1	192701	192900	1	1	1	1
1	192751	192950	1	1	1	1
1	192801	193000	1	1	1	1
1	192851	193050	0	1	1	1
1	192901	193100	0	1	1	1
1	192951	193150	0	1	0	1
1	193001	193200	0	1	0	1
1	193051	193250	0	1	1	0
1	193101	193300	0	1	1	0
1	193151	193350	0	1	1	1
1	193201	193400	0	1	1	1
1	193251	193450	1	0	0	1
1	193301	193500	1	0	1	1
1	193351	193550	1	0	1	0
1	193401	193600	1	0	1	1
1	193451	193650	1	0	1	1
1	193501	193700	0	0	1	1
1	193551	193750	0	1	1	1
1	193651	193850	1	1	1	1
1	193751	193950	1	0	1	1
1	193801	194000	0	0	1	0
1	194201	194400	1	1	1	0
1	194251	194450	1	1	0	0
1	194301	194500	1	1	0	0
1	194351	194550	1	1	1	1
1	194401	194600	1	1	1	1
1	194451	194650	1	0	1	0
1	194501	194700	1	1	1	0
1	194551	194750	1	1	0	0
1	194601	194800	0	1	1	0
1	194651	194850	0	1	1	0
1	194701	194900	0	1	1	1
1	194751	194950	1	0	1	1
1	194801	195000	0	0	1	1
1	194851	195050	0	0	1	1
1	194901	195100	0	0	1	1
1	194951	195150	0	0	1	1
1	195001	195200	0	0	1	1
1	195051	195250	1	0	1	1
1	195101	195300	1	0	0	1
1	195151	195350	1	0	0	1
1	195201	195400	1	0	0	0
1	195251	195450	1	0	0	0
1	195301	195500	1	0	1	0
1	195351	195550	1	0	1	0
1	195401	195600	1	1	1	0
1	195451	195650	1	0	1	1
1	195501	195700	1	0	0	1
1	195551	195750	1	0	1	1
1	195601	195800	1	0	0	1
1	195651	195850	1	1	0	1
1	195701	195900	1	1	1	0
1	195951	196150	1	1	1	0
1	196001	196200	1	1	0	0
1	196051	196250	1	1	0	0
1	196201	196400	0	1	0	1
1	196251	196450	0	1	0	0
1	196301	196500	0	1	0	0
1	196351	196550	1	1	0	0
1	196401	196600	0	1	1	1
1	196451	196650	0	1	1	1
1	196501	196700	1	0	1	1
1	196551	196750	1	0	1	1
1	196601	196800	1	1	1	1
1	196651	196850	1	1	0	0
1	196701	196900	0	1	0	0
1	196751	196950	0	1	0	1
1	196801	197000	0	1	1	1
1	196851	197050	0	1	1	0
1	196901	197100	1	1	1	1
1	196951	197150	0	0	1	1
1	197001	197200	0	0	1	1
1	197051	197250	1	1	1	1
1	197101	197300	0	1	0	1
1	197151	197350	1	1	1	1
1	197201	197400	1	1	1	1
1	197251	197450	1	1	1	1
1	197301	197500	0	1	1	1
1	197351	197550	1	1	1	0
1	197401	197600	1	1	1	1
1	197451	197650	0	1	0	1
1	197501	197700	0	1	0	0
1	197551	197750	0	1	1	0
1	197601	197800	0	0	1	0
1	197651	197850	0	1	1	0
1	197701	197900	0	1	1	1
1	197751	197950	0	1	1	1
1	197801	198000	0	1	1	1
1	197851	198050	0	0	1	1
1	197901	198100	1	0	1	0
1	197951	198150	1	1	1	1
1	198001	198200	1	1	1	0
1	198051	198250	1	1	1	1
1	198101	198300	0	1	1	1
1	198151	198350	0	1	1	1
1	198201	198400	0	1	1	1
1	198251	198450	1	1	1	1
1	198301	198500	1	1	1	1
1	198351	198550	1	1	1	1
1	198401	198600	1	0	1	1
1	198451	198650	1	1	1	1
1	198501	198700	1	0	1	1
1	198551	198750	1	1	1	1
1	198601	198800	1	0	0	1
1	198651	198850	1	0	0	1
1	198701	198900	1	0	0	0
1	198751	198950	1	0	0	1
1	198801	199000	1	1	1	1
1	198851	199050	1	1	1	1
1	198901	199100	1	1	1	1
1	198951	199150	0	1	1	1
1	199001	199200	1	0	1	1
1	199051	199250	1	1	1	1
1	199101	199300	1	1	0	1
1	199151	199350	1	0	0	1
1	199201	199400	0	0	0	1
1	199301	199500	1	0	0	0
1	199401	199600	1	0	0	0
1	199451	199650	1	0	1	0
1	199501	199700	1	0	1	1
1	199551	199750	1	1	1	1
1	199601	199800	1	1	1	1
1	199751	199950	1	1	1	1
1	199801	200000	0	1	1	1
1	199851	200050	0	1	1	1
1	199901	200100	0	1	1	1
1	199951	200150	0	0	1	1
1	200001	200200	1	0	1	1
1	200051	200250	1	0	0	1
1	200101	200300	0	0	0	1
1	200151	200350	0	0	0	1
1	200201	200400	0	0	0	1
1	200251	200450	0	0	1	0
1	200301	200500	0	0	1	1
1	200351	200550	0	0	1	1
1	200401	200600	1	0	1	1
1	200451	200650	0	1	1	1
1	200501	200700	1	1	1	1
1	200551	200750	1	1	1	0
1	200601	200800	1	1	1	0
1	200651	200850	1	1	1	0
1	200701	200900	1	1	1	0
1	200751	200950	1	1	1	0
1	200801	201000	1	1	0	0
1	200851	201050	0	1	1	0
1	200901	201100	0	1	1	0
1	200951	201150	0	1	1	1
1	201001	201200	0	1	1	1
1	201051	201250	0	1	1	1
1	201101	201300	0	1	1	1
1	201151	201350	1	1	0	0
1	201201	201400	1	1	0	0
1	201251	201450	1	1	0	0
1	201301	201500	1	1	0	0
1	201351	201550	1	1	1	0
1	201401	201600	0	1	1	0
1	201451	201650	0	1	1	0
1	201501	201700	1	1	1	1
1	201551	201750	1	1	1	1
1	201601	201800	1	1	0	1
1	201651	201850	1	1	0	1
1	202001	202200	1	1	1	1
1	202051	202250	1	1	1	1
1	202101	202300	1	1	1	0
1	202151	202350	1	1	0	0
1	202201	202400	1	1	0	0
1	202251	202450	1	1	0	0
1	202301	202500	1	1	1	0
1	202351	202550	1	1	1	0
1	202401	202600	1	1	1	0
1	202451	202650	0	1	1	0
1	202501	202700	0	1	1	0
1	202551	202750	0	0	1	1
1	202601	202800	1	1	1	1
1	202651	202850	1	1	1	1
1	202701	202900	0	1	1	1
1	202751	202950	0	1	1	0
1	202801	203000	0	1	0	0
1	202851	203050	1	1	0	0
1	202901	203100	1	1	1	1
1	202951	203150	1	1	1	0
1	203001	203200	1	1	1	1
1	203051	203250	0	1	1	1
1	203101	203300	0	1	1	1
1	203151	203350	0	0	1	1
1	203201	203400	0	0	1	0
1	203251	203450	0	0	1	1
1	203301	203500	0	0	1	0
1	203351	203550	0	0	1	1
1	203401	203600	0	0	1	1
1	203451	203650	0	0	1	1
1	203551	203750	0	0	0	1
1	203601	203800	0	0	1	0
1	203651	203850	0	1	1	1
1	203701	203900	0	1	1	1
1	203751	203950	0	1	1	1
1	203801	204000	0	1	1	1
1	203851	204050	0	1	1	1
1	203901	204100	0	0	1	1
1	203951	204150	0	1	1	1
1	204001	204200	1	1	1	1
1	204051	204250	1	1	1	0
1	204101	204300	1	1	1	1
1	204151	204350	1	1	1	1
1	204251	204450	1	1	1	1
1	204301	204500	1	1	0	1
1	204351	204550	0	0	0	1
1	204401	204600	0	1	0	1
1	204451	204650	1	1	0	1
1	204501	204700	1	1	0	1
1	204551	204750	1	1	0	1
1	204801	205000	1	0	1	0
1	204851	205050	1	1	1	0
1	204901	205100	1	1	1	0
1	204951	205150	1	1	1	1
1	205001	205200	0	1	1	1
1	205051	205250	0	1	1	1
1	205101	205300	0	1	1	1
1	205151	205350	0	1	1	1
1	205201	205400	0	1	1	1
1	205351	205550	0	1	0	1
1	205401	205600	1	1	0	1
1	205451	205650	1	1	0	1
1	205501	205700	1	1	0	1
1	205551	205750	1	1	0	1
1	205601	205800	1	1	0	1
1	205651	205850	1	1	0	1
1	205701	205900	1	1	0	1
1	205751	205950	1	1	0	1
1	205801	206000	0	1	0	1
1	205851	206050	0	1	1	1
1	205901	206100	0	1	1	1
1	205951	206150	0	1	1	1
1	206001	206200	1	1	1	1
1	206051	206250	1	0	0	1
1	206101	206300	1	0	0	1
1	206151	206350	1	1	1	1
1	206251	206450	0	1	1	0
1	206301	206500	0	0	1	1
1	206351	206550	0	0	1	1
1	206401	206600	1	1	1	1
1	206451	206650	1	1	0	1
1	206501	206700	1	1	1	1
1	206551	206750	1	1	1	1
1	206601	206800	1	1	1	1
1	206651	206850	1	1	1	1
1	206701	206900	1	1	0	1
1	206751	206950	1	1	0	0
1	206801	207000	1	1	0	1
1	206851	207050	0	0	1	1
1	206901	207100	1	0	1	0
1	206951	207150	1	1	1	0
1	207001	207200	1	0	1	1
1	207051	207250	1	0	1	1
1	207101	207300	1	0	1	1
1	207151	207350	0	0	0	1
1	207201	207400	1	1	0	1
1	207251	207450	1	1	0	1
1	207301	207500	1	1	0	1
1	207351	207550	1	1	0	0
1	207451	207650	0	1	0	1
1	207501	207700	0	1	0	1
1	207551	207750	0	1	1	1
1	207601	207800	1	1	1	1
1	207651	207850	1	1	1	1
1	207701	207900	1	1	1	0
1	207751	207950	1	1	0	0
1	207801	208000	1	1	1	0
1	207851	208050	1	1	1	0
1	207901	208100	1	1	1	0
1	207951	208150	1	1	1	0
1	208401	208600	0	1	1	1
1	208451	208650	0	1	1	1
1	208501	208700	0	1	0	1
1	208551	208750	0	1	0	1
1	208701	208900	0	1	1	0
1	208751	208950	0	1	1	0
1	208801	209000	0	1	1	0
1	208851	209050	1	1	1	0
1	209001	209200	1	1	1	1
1	209051	209250	1	1	1	1
1	209101	209300	1	1	1	0
1	209151	209350	1	0	1	0
1	209201	209400	1	0	1	0
1	209251	209450	1	0	1	0
1	209301	209500	1	0	0	1
1	209351	209550	1	0	0	1
1	209401	209600	1	0	0	1
1	209451	209650	0	0	1	1
1	209501	209700	1	0	1	1
1	209551	209750	1	0	1	1
1	209601	209800	1	1	1	1
1	209651	209850	1	1	1	1
1	209701	209900	1	1	1	1
1	209751	209950	1	1	1	1
1	209801	210000	1	0	1	0
1	209851	210050	1	0	1	1
1	209901	210100	1	0	0	1
1	209951	210150	1	0	0	1
1	210001	210200	1	1	0	1
1	210051	210250	1	1	0	1
1	210101	210300	0	1	0	1
1	210301	210500	1	1	1	1
1	210351	210550	1	1	1	1
1	210401	210600	1	1	1	0
1	210451	210650	1	1	1	0
1	210501	210700	1	1	1	0
1	210551	210750	1	1	1	0
1	210601	210800	1	1	1	1
1	210651	210850	0	0	1	1
1	210701	210900	0	1	0	1
1	210751	210950	1	0	0	1
1	210801	211000	1	1	0	1
1	210901	211100	1	1	1	1
1	210951	211150	0	1	1	1
1	211001	211200	0	1	1	1
1	211051	211250	0	1	1	1
1	211101	211300	0	1	1	1
1	211151	211350	1	1	0	1
1	211201	211400	1	1	0	1
1	211251	211450	1	1	0	1
1	211301	211500	1	1	0	1
1	211351	211550	1	1	1	1
1	211401	211600	1	1	0	1
1	211451	211650	1	1	0	1
1	211501	211700	1	1	0	1
1	211551	211750	1	1	0	0
1	211601	211800	1	1	0	0
1	211651	211850	1	1	1	0
1	211701	211900	0	1	1	0
1	211751	211950	0	1	1	1
1	211801	212000	0	1	0	1
1	211851	212050	0	1	0	1
1	211901	212100	0	1	0	1
1	211951	212150	0	1	0	1
1	212001	212200	0	1	1	1
1	212051	212250	1	0	1	1
1	212101	212300	1	0	1	1
1	212151	212350	1	0	1	0
1	212201	212400	1	0	1	0
1	212251	212450	1	0	1	1
1	212301	212500	0	0	1	0
1	212351	212550	0	0	1	0
1	212401	212600	0	0	0	0
1	212451	212650	0	0	0	0
1	212501	212700	0	0	0	1
1	212551	212750	0	0	1	1
1	212601	212800	0	1	1	1
1	212651	212850	0	1	1	1
1	212701	212900	0	1	1	1
1	212751	212950	0	1	1	0
1	212801	213000	1	1	1	0
1	212851	213050	1	1	1	0
1	212901	213100	1	1	1	1
1	212951	213150	1	1	1	1
1	213001	213200	1	1	1	1
1	213051	213250	1	1	1	1
1	213251	213450	1	1	1	1
1	213301	213500	1	1	1	1
1	213551	213750	1	1	1	0
1	213601	213800	1	1	1	0
1	214001	214200	1	1	1	1
1	214051	214250	1	1	1	1
1	214101	214300	1	1	1	1
1	214151	214350	1	1	1	1
1	214201	214400	1	1	1	1
1	214251	214450	1	1	1	1
1	214301	214500	1	1	1	1
1	214351	214550	1	1	1	1
1	214451	214650	1	1	0	1
1	214551	214750	1	1	1	0
1	214601	214800	1	1	1	1
1	214651	214850	0	1	1	1
1	214701	214900	0	1	1	1
1	214751	214950	0	1	1	1
1	214801	215000	1	1	1	1
1	215051	215250	1	0	1	0
1	215101	215300	1	1	0	0
1	215151	215350	0	1	1	0
1	215201	215400	1	1	1	0
1	215251	215450	1	1	1	0
1	215301	215500	1	1	0	0
1	215351	215550	1	1	0	0
1	215401	215600	0	0	0	0
1	215451	215650	0	0	0	0
1	215501	215700	0	1	1	1
1	215551	215750	0	1	1	1
1	215601	215800	0	0	1	1
1	215651	215850	0	1	1	1
1	215701	215900	0	1	1	1
1	215751	215950	0	1	1	1
1	215801	216000	1	0	1	1
1	215851	216050	1	0	1	1
1	215901	216100	1	0	1	1
1	215951	216150	1	0	1	1
1	216001	216200	1	0	1	1
1	216051	216250	1	1	1	1
1	216101	216300	1	1	1	0
1	216151	216350	1	1	1	1
1	216201	216400	1	0	1	1
1	216251	216450	1	0	1	1
1	216301	216500	1	0	1	1
1	216351	216550	1	1	1	1
1	216401	216600	0	1	1	1
1	216451	216650	0	1	1	1
1	216501	216700	1	1	1	1
1	216551	216750	0	1	1	1
1	216601	216800	1	1	1	1
1	216651	216850	1	1	1	1
1	216701	216900	1	1	0	1
1	216751	216950	1	1	1	1
1	216801	217000	1	1	1	1
1	216851	217050	1	1	1	0
1	216901	217100	1	0	1	0
1	216951	217150	1	0	1	0
1	217001	217200	1	0	0	0
1	217051	217250	0	0	0	0
1	217101	217300	0	1	0	0
1	217151	217350	0	0	0	0
1	217201	217400	0	1	1	1
1	217251	217450	1	1	0	1
1	217301	217500	1	1	1	1
1	217351	217550	1	1	1	1
1	217401	217600	1	1	1	1
1	217451	217650	1	1	1	1
1	217501	217700	1	1	1	1
1	217551	217750	1	1	1	1
1	217601	217800	0	1	1	1
1	217651	217850	1	1	1	0
1	217751	217950	1	1	1	1
1	217801	218000	1	1	1	1
1	217851	218050	0	0	1	1
1	217901	218100	0	1	0	0
1	217951	218150	0	1	0	1
1	218001	218200	0	1	0	1
1	218051	218250	0	1	0	1
1	218101	218300	0	1	0	1
1	218151	218350	1	1	1	1
1	218201	218400	1	0	1	1
1	218251	218450	1	0	1	1
1	218301	218500	1	0	1	1
1	218401	218600	1	0	1	0
1	218451	218650	1	0	1	1
1	218501	218700	0	1	1	1
1	218551	218745	1	1	1	1
